================================ Starting Log Protobuf =================================
Current Time: 0-0-0 0:0:0
Time (ms), Scaled. Acc x (mg), Scaled. Acc y (mg), Scaled. Acc z (mg), Gyr (DPS) x, Gyr (DPS) y, Gyr (DPS) z, Mag (uT) x, Mag (uT) y, Mag (uT) z, Tmp (C), Lat, Lon, Alt (mm), Speed (mm/s), Heading (degrees * 10^-5), pDOP, SIV, Pressure (hPa), Reciever Throttle Val (0-180), Reciever Aileron Servo (deg), Reciever Elevator Servo (deg), Reciever Rudder Servo (deg), Auto Mode (deg), Aux Mode,N, E, D, u, v, w, q1, q2, q3, q4, Servo Throttle Val (0-180), Servo Aileron Servo (deg), Servo Elevator Servo (deg), Servo Rudder Servo (deg)
2904, -00000.09,  00000.29, -00009.96,  00000.19, -00000.03,  00000.00, -00016.58,  00012.75,  00032.25,  00023.79, 0.00, 0.00, 0.00, 0.00, 0.00, 0.00, 0.00, 1020.30, 0, 0, 0, 0, 0, 0,  00000.00,  00000.00,  00000.00,  00000.00,  00000.00,  00000.00,  00000.00,  00000.00,  00000.00,  00000.00, 0, 0, 0, 0
2994,  00000.05,  00000.18, -00009.79,  00000.01, -00000.01,  00000.01, -00018.82,  00012.15,  00032.40,  00023.82, 0.00, 0.00, 0.00, 0.00, 0.00, 0.00, 0.00, 1020.30, 0, 0, 0, 0, 0, 0, -00000.00,  00000.02, -00000.03,  00001.00,  00000.00,  00000.00,  00000.00,  00000.00,  00000.00,  00000.00, 0, 0, 0, 0
3096,  00000.12,  00000.57, -00009.60, -00000.14,  00000.02, -00000.11, -00015.52,  00011.10,  00033.45,  00023.82, 0.00, 0.00, 0.00, 0.00, 0.00, 0.00, 0.00, 1020.30, 0, 0, 0, 0, 0, 0, -00000.02,  00000.02, -00000.02,  00001.00,  00000.00,  00000.00,  00000.00,  00000.00,  00000.00,  00000.00, 0, 0, 0, 0
3196,  00000.15,  00000.25, -00009.78,  00000.15,  00000.10, -00000.01, -00015.83,  00010.80,  00033.75,  00023.82, 0.00, 0.00, 0.00, 0.00, 0.00, 0.00, 0.00, 1020.30, 0, 0, 0, 0, 0, 0, -00000.01,  00000.02, -00000.02,  00001.00,  00000.00,  00000.00,  00000.00,  00000.00,  00000.00,  00000.00, 0, 0, 0, 0
3297,  00000.25, -00000.17, -00009.93,  00000.11,  00000.10,  00000.24, -00017.02,  00010.05,  00033.75,  00023.83, 0.00, 0.00, 0.00, 0.00, 0.00, 0.00, 0.00, 1020.30, 0, 0, 0, 0, 0, 0, -00000.00,  00000.02, -00000.02,  00001.00,  00000.00,  00000.00,  00000.00,  00000.00,  00000.00,  00000.00, 0, 0, 0, 0
3398, -00000.02,  00000.47, -00009.72,  00000.07,  00000.08,  00000.49, -00015.98,  00012.15,  00032.40,  00023.83, 0.00, 0.00, 0.00, 0.00, 0.00, 0.00, 0.00, 1020.30, 0, 0, 0, 0, 0, 0, -00000.01,  00000.01,  00000.00,  00001.00,  00000.00,  00000.00,  00000.00,  00000.00,  00000.00,  00000.00, 0, 0, 0, 0
3499,  00000.04,  00000.31, -000010.00,  00000.05, -00000.07,  00001.15, -00014.77,  00015.60,  00033.45,  00023.84, 0.00, 0.00, 0.00, 0.00, 0.00, 0.00, 0.00, 1020.30, 0, 0, 0, 0, 0, 0, -00000.00,  00000.01,  00000.04,  00001.00,  00000.00,  00000.00,  00000.00,  00000.00,  00000.00,  00000.00, 0, 0, 0, 0
3600,  00000.46,  00000.07, -00009.55,  00000.01,  00000.05,  00001.74, -00011.92,  00016.65,  00033.45,  00023.84, 0.00, 0.00, 0.00, 0.00, 0.00, 0.00, 0.00, 1020.30, 0, 0, 0, 0, 0, 0,  00000.00,  00000.03,  00000.08,  00001.00,  00000.00,  00000.00,  00000.00,  00000.00,  00000.00,  00000.00, 0, 0, 0, 0
3701,  00000.14,  00000.22, -00009.88,  00000.01,  00000.05,  00001.39, -00008.77,  00018.90,  00033.15,  00023.85, 0.00, 0.00, 0.00, 0.00, 0.00, 0.00, 0.00, 1020.30, 0, 0, 0, 0, 0, 0,  00000.01,  00000.01,  00000.09,  00001.00,  00000.00,  00000.00,  00000.00,  00000.00,  00000.00,  00000.00, 0, 0, 0, 0
3803,  00000.07, -00000.25, -00009.34,  00000.04, -00000.11,  00001.34, -00006.38,  00018.15,  00030.90,  00023.85, 0.00, 0.00, 0.00, 0.00, 0.00, 0.00, 0.00, 1020.30, 0, 0, 0, 0, 0, 0,  00000.02,  00000.00,  00000.09,  00001.00,  00000.00,  00000.00,  00000.00,  00000.00,  00000.00,  00000.00, 0, 0, 0, 0
3903,  00000.43, -00000.18, -00009.80,  00000.03,  00000.01,  00001.40, -00004.27,  00018.90,  00033.15,  00023.85, 0.00, 0.00, 0.00, 0.00, 0.00, 0.00, 0.00, 1020.30, 0, 0, 0, 0, 0, 0,  00000.02,  00000.01,  00000.10,  00000.99,  00000.00,  00000.00,  00000.00,  00000.00,  00000.00,  00000.00, 0, 0, 0, 0
4005,  00000.10, -00000.13, -00010.11,  00000.01,  00000.01,  00001.40, -00002.32,  00018.90,  00031.65,  00023.85, 0.00, 0.00, 0.00, 0.00, 0.00, 0.00, 0.00, 1020.30, 0, 0, 0, 0, 0, 0,  00000.02, -00000.01,  00000.11,  00000.99,  00000.00,  00000.00,  00000.00,  00000.00,  00000.00,  00000.00, 0, 0, 0, 0
4105,  00000.15,  00000.11, -00009.99,  00000.03,  00000.11,  00001.18,  00001.43,  00019.50,  00031.80,  00023.87, 0.00, 0.00, 0.00, 0.00, 0.00, 0.00, 0.00, 1020.30, 0, 0, 0, 0, 0, 0,  00000.01, -00000.01,  00000.12,  00000.99,  00000.00,  00000.00,  00000.00,  00000.00,  00000.00,  00000.00, 0, 0, 0, 0
4207,  00000.23, -00000.54, -00009.94, -00000.02,  00000.12,  00001.16,  00002.63,  00019.05,  00031.80,  00023.87, 0.00, 0.00, 0.00, 0.00, 0.00, 0.00, 0.00, 1020.31, 0, 0, 0, 0, 0, 0,  00000.03, -00000.01,  00000.12,  00000.99,  00000.00,  00000.00,  00000.00,  00000.00,  00000.00,  00000.00, 0, 0, 0, 0
4308,  00000.04, -00000.11, -00010.03,  00000.01,  00000.02,  00001.04,  00005.03,  00017.55,  00031.80,  00023.87, 0.00, 0.00, 0.00, 0.00, 0.00, 0.00, 0.00, 1020.31, 0, 0, 0, 0, 0, 0,  00000.02, -00000.02,  00000.12,  00000.99,  00000.00,  00000.00,  00000.00,  00000.00,  00000.00,  00000.00, 0, 0, 0, 0
4409,  00000.20, -00000.22, -00009.72,  00000.02, -00000.08,  00000.86,  00006.53,  00018.15,  00032.70,  00023.87, 0.00, 0.00, 0.00, 0.00, 0.00, 0.00, 0.00, 1020.31, 0, 0, 0, 0, 0, 0,  00000.02, -00000.02,  00000.12,  00000.99,  00000.00,  00000.00,  00000.00,  00000.00,  00000.00,  00000.00, 0, 0, 0, 0
4510,  00000.14,  00000.01, -00009.74,  00000.04, -00000.02,  00000.68,  00008.63,  00016.50,  00032.55,  00023.87, 0.00, 0.00, 0.00, 0.00, 0.00, 0.00, 0.00, 1020.31, 0, 0, 0, 0, 0, 0,  00000.01, -00000.03,  00000.11,  00000.99,  00000.00,  00000.00,  00000.00,  00000.00,  00000.00,  00000.00, 0, 0, 0, 0
4600,  00000.11, -00000.86, -00009.46,  00000.02,  00000.02,  00000.85,  00009.08,  00016.80,  00032.55,  00023.87, 0.00, 0.00, 0.00, 0.00, 0.00, 0.00, 0.00, 1020.31, 0, 0, 0, 0, 0, 0,  00000.04, -00000.03,  00000.12,  00000.99,  00000.00,  00000.00,  00000.00,  00000.00,  00000.00,  00000.00, 0, 0, 0, 0
4712,  00000.15, -00000.46, -00009.89,  00000.00, -00000.04,  00000.97,  00011.63,  00015.90,  00031.95,  00023.87, 0.00, 0.00, 0.00, 0.00, 0.00, 0.00, 0.00, 1020.31, 0, 0, 0, 0, 0, 0,  00000.02, -00000.04,  00000.13,  00000.99,  00000.00,  00000.00,  00000.00,  00000.00,  00000.00,  00000.00, 0, 0, 0, 0
4813, -00000.02,  00000.06, -00009.85,  00000.10, -00000.03,  00000.67,  00011.63,  00014.40,  00032.40,  00023.87, 0.00, 0.00, 0.00, 0.00, 0.00, 0.00, 0.00, 1020.32, 0, 0, 0, 0, 0, 0,  00000.00, -00000.04,  00000.12,  00000.99,  00000.00,  00000.00,  00000.00,  00000.00,  00000.00,  00000.00, 0, 0, 0, 0
4913,  00000.07, -00000.23, -00009.81,  00000.10, -00000.05,  00000.25,  00012.83,  00015.60,  00032.40,  00023.88, 0.00, 0.00, 0.00, 0.00, 0.00, 0.00, 0.00, 1020.32, 0, 0, 0, 0, 0, 0,  00000.01, -00000.04,  00000.10,  00000.99,  00000.00,  00000.00,  00000.00,  00000.00,  00000.00,  00000.00, 0, 0, 0, 0
5025, -00000.04, -00000.26, -00009.90,  00000.03,  00000.01,  00000.10, -00024.98,  00013.50,  00032.55,  00023.88, 0.00, 0.00, 0.00, 0.00, 0.00, 0.00, 0.00, 1020.32, 0, 0, 0, 0, 0, 0,  00000.01,  00000.03, -00000.05,  00001.00,  00000.00,  00000.00,  00000.00,  00000.00,  00000.00,  00000.00, 0, 0, 0, 0
5115, -00000.05, -00000.31, -00009.80, -00000.01,  00000.01, -00000.01,  00014.63,  00014.55,  00031.80,  00023.89, 0.00, 0.00, 0.00, 0.00, 0.00, 0.00, 0.00, 1020.32, 0, 0, 0, 0, 0, 0,  00000.01, -00000.05,  00000.09,  00000.99,  00000.00,  00000.00,  00000.00,  00000.00,  00000.00,  00000.00, 0, 0, 0, 0
5217, -00000.02, -00000.32, -00009.79,  00000.02,  00000.04,  00000.01,  00013.28,  00014.10,  00031.65,  00023.89, 0.00, 0.00, 0.00, 0.00, 0.00, 0.00, 0.00, 1020.32, 0, 0, 0, 0, 0, 0,  00000.01, -00000.05,  00000.09,  00001.00,  00000.00,  00000.00,  00000.00,  00000.00,  00000.00,  00000.00, 0, 0, 0, 0
5317,  00000.03, -00000.34, -00009.74,  00000.02,  00000.06, -00000.00,  00013.13,  00014.25,  00032.55,  00023.89, 0.00, 0.00, 0.00, 0.00, 0.00, 0.00, 0.00, 1020.32, 0, 0, 0, 0, 0, 0,  00000.01, -00000.05,  00000.08,  00001.00,  00000.00,  00000.00,  00000.00,  00000.00,  00000.00,  00000.00, 0, 0, 0, 0
5530,  00000.02, -00000.43, -00009.80,  00000.04,  00000.04, -00000.02,  00013.73,  00014.55,  00032.25,  00023.89, 0.00, 0.00, 0.00, 0.00, 0.00, 0.00, 0.00, 1020.32, 0, 0, 0, 0, 0, 0,  00000.02, -00000.05,  00000.09,  00000.99,  00000.00,  00000.00,  00000.00,  00000.00,  00000.00,  00000.00, 0, 0, 0, 0
5620,  00000.21, -00000.44, -00009.81,  00000.08, -00000.03,  00000.04,  00014.03,  00014.40,  00032.40,  00023.89, 0.00, 0.00, 0.00, 0.00, 0.00, 0.00, 0.00, 1020.32, 0, 0, 0, 0, 0, 0,  00000.02, -00000.04,  00000.09,  00000.99,  00000.00,  00000.00,  00000.00,  00000.00,  00000.00,  00000.00, 0, 0, 0, 0
5721,  00000.09, -00000.45, -00009.82, -00000.00,  00000.01, -00000.02,  00013.58,  00014.85,  00031.20,  00023.89, 0.00, 0.00, 0.00, 0.00, 0.00, 0.00, 0.00, 1020.32, 0, 0, 0, 0, 0, 0,  00000.02, -00000.04,  00000.09,  00001.00,  00000.00,  00000.00,  00000.00,  00000.00,  00000.00,  00000.00, 0, 0, 0, 0
5823,  00000.05, -00000.51, -00009.82,  00000.01,  00000.02, -00000.04,  00013.58,  00014.40,  00031.95,  00023.89, 0.00, 0.00, 0.00, 0.00, 0.00, 0.00, 0.00, 1020.32, 0, 0, 0, 0, 0, 0,  00000.02, -00000.05,  00000.08,  00001.00,  00000.00,  00000.00,  00000.00,  00000.00,  00000.00,  00000.00, 0, 0, 0, 0
5923,  00000.18, -00000.59, -00009.84, -00000.02,  00000.03, -00000.14,  00013.58,  00016.35,  00033.45,  00023.89, 0.00, 0.00, 0.00, 0.00, 0.00, 0.00, 0.00, 1020.32, 0, 0, 0, 0, 0, 0,  00000.03, -00000.04,  00000.09,  00001.00,  00000.00,  00000.00,  00000.00,  00000.00,  00000.00,  00000.00, 0, 0, 0, 0
6025, -00000.07, -00000.74, -00009.70, -00000.07, -00000.05, -00000.51,  00012.68,  00016.05,  00033.30,  00023.89, 0.00, 0.00, 0.00, 0.00, 0.00, 0.00, 0.00, 1020.32, 0, 0, 0, 0, 0, 0,  00000.03, -00000.05,  00000.06,  00001.00,  00000.00,  00000.00,  00000.00,  00000.00,  00000.00,  00000.00, 0, 0, 0, 0
6125,  00000.01, -00000.78, -00009.81, -00000.07,  00000.04, -00000.96,  00012.08,  00016.65,  00031.20,  00023.89, 0.00, 0.00, 0.00, 0.00, 0.00, 0.00, 0.00, 1020.32, 0, 0, 0, 0, 0, 0,  00000.03, -00000.05,  00000.04,  00001.00,  00000.00,  00000.00,  00000.00,  00000.00,  00000.00,  00000.00, 0, 0, 0, 0
6227,  00000.09,  00000.08, -00010.16, -00000.03, -00000.01, -00001.25,  00010.43,  00017.40,  00031.65,  00023.89, 0.00, 0.00, 0.00, 0.00, 0.00, 0.00, 0.00, 1020.32, 0, 0, 0, 0, 0, 0,  00000.01, -00000.04,  00000.03,  00001.00,  00000.00,  00000.00,  00000.00,  00000.00,  00000.00,  00000.00, 0, 0, 0, 0
6328,  00000.05, -00000.25, -00009.65, -00000.01, -00000.07, -00001.34,  00007.73,  00018.90,  00031.95,  00023.90, 0.00, 0.00, 0.00, 0.00, 0.00, 0.00, 0.00, 1020.32, 0, 0, 0, 0, 0, 0,  00000.02, -00000.04,  00000.02,  00001.00,  00000.00,  00000.00,  00000.00,  00000.00,  00000.00,  00000.00, 0, 0, 0, 0
6429,  00000.07, -00000.16, -00010.10, -00000.02,  00000.01, -00001.04,  00005.93,  00019.50,  00031.80,  00023.90, 0.00, 0.00, 0.00, 0.00, 0.00, 0.00, 0.00, 1020.32, 0, 0, 0, 0, 0, 0,  00000.02, -00000.03,  00000.03,  00001.00,  00000.00,  00000.00,  00000.00,  00000.00,  00000.00,  00000.00, 0, 0, 0, 0
6518,  00000.12, -00000.46, -00009.78,  00000.03, -00000.09, -00001.18,  00003.53,  00020.10,  00031.05,  00023.89, 0.00, 0.00, 0.00, 0.00, 0.00, 0.00, 0.00, 1020.32, 0, 0, 0, 0, 0, 0,  00000.04, -00000.03,  00000.02,  00001.00,  00000.00,  00000.00,  00000.00,  00000.00,  00000.00,  00000.00, 0, 0, 0, 0
6631, -00000.28,  00000.55, -00010.04, -00000.01, -00000.02, -00001.07,  00000.83,  00019.65,  00031.95,  00023.89, 0.00, 0.00, 0.00, 0.00, 0.00, 0.00, 0.00, 1020.32, 0, 0, 0, 0, 0, 0,  00000.00, -00000.03,  00000.02,  00001.00,  00000.00,  00000.00,  00000.00,  00000.00,  00000.00,  00000.00, 0, 0, 0, 0
6732,  00000.20, -00000.74, -00009.93, -00000.01, -00000.04, -00001.25, -00002.17,  00020.55,  00031.05,  00023.90, 0.00, 0.00, 0.00, 0.00, 0.00, 0.00, 0.00, 1020.32, 0, 0, 0, 0, 0, 0,  00000.05, -00000.01, -00000.00,  00001.00,  00000.00,  00000.00,  00000.00,  00000.00,  00000.00,  00000.00, 0, 0, 0, 0
6833,  00000.23, -00000.61, -00009.46,  00000.08, -00000.11, -00002.05, -00004.73,  00019.35,  00030.90,  00023.90, 0.00, 0.00, 0.00, 0.00, 0.00, 0.00, 0.00, 1020.32, 0, 0, 0, 0, 0, 0,  00000.04, -00000.01, -00000.05,  00001.00,  00000.00,  00000.00,  00000.00,  00000.00,  00000.00,  00000.00, 0, 0, 0, 0
6933,  00000.40, -00000.76, -00009.99, -00000.15, -00000.03, -00001.13, -00007.88,  00018.60,  00031.65,  00023.89, 0.00, 0.00, 0.00, 0.00, 0.00, 0.00, 0.00, 1020.32, 0, 0, 0, 0, 0, 0,  00000.04,  00000.00, -00000.02,  00001.00,  00000.00,  00000.00,  00000.00,  00000.00,  00000.00,  00000.00, 0, 0, 0, 0
7035,  00000.03, -00000.01, -00009.65, -00000.03, -00000.00, -00000.83, -00008.92,  00018.00,  00031.50,  00023.89, 0.00, 0.00, 0.00, 0.00, 0.00, 0.00, 0.00, 1020.32, 0, 0, 0, 0, 0, 0,  00000.02, -00000.00, -00000.01,  00001.00,  00000.00,  00000.00,  00000.00,  00000.00,  00000.00,  00000.00, 0, 0, 0, 0
7135,  00000.12,  00000.10, -00009.42, -00000.11, -00000.07, -00001.37, -00013.58,  00017.40,  00031.95,  00023.89, 0.00, 0.00, 0.00, 0.00, 0.00, 0.00, 0.00, 1020.32, 0, 0, 0, 0, 0, 0,  00000.02,  00000.01, -00000.04,  00001.00,  00000.00,  00000.00,  00000.00,  00000.00,  00000.00,  00000.00, 0, 0, 0, 0
7237,  00000.59, -00001.05, -00009.80, -00000.05,  00000.09, -00000.60, -00016.13,  00015.30,  00032.55,  00023.89, 0.00, 0.00, 0.00, 0.00, 0.00, 0.00, 0.00, 1020.32, 0, 0, 0, 0, 0, 0,  00000.04,  00000.03, -00000.04,  00001.00,  00000.00,  00000.00,  00000.00,  00000.00,  00000.00,  00000.00, 0, 0, 0, 0
7337, -00000.27, -00000.97, -00009.77, -00000.04,  00000.05,  00000.20, -00014.92,  00013.50,  00033.75,  00023.89, 0.00, 0.00, 0.00, 0.00, 0.00, 0.00, 0.00, 1020.32, 0, 0, 0, 0, 0, 0,  00000.03,  00000.00, -00000.02,  00001.00,  00000.00,  00000.00,  00000.00,  00000.00,  00000.00,  00000.00, 0, 0, 0, 0
7438,  00000.17, -00000.10, -00009.68,  00000.01, -00000.03, -00000.03, -00015.52,  00012.90,  00033.15,  00023.89, 0.00, 0.00, 0.00, 0.00, 0.00, 0.00, 0.00, 1020.32, 0, 0, 0, 0, 0, 0,  00000.01,  00000.02, -00000.02,  00001.00,  00000.00,  00000.00,  00000.00,  00000.00,  00000.00,  00000.00, 0, 0, 0, 0
7539,  00000.12, -00000.05, -00009.89,  00000.00,  00000.04, -00000.01, -00015.23,  00014.10,  00032.70,  00023.90, 0.00, 0.00, 0.00, 0.00, 0.00, 0.00, 0.00, 1020.32, 0, 0, 0, 0, 0, 0,  00000.01,  00000.02, -00000.01,  00001.00,  00000.00,  00000.00,  00000.00,  00000.00,  00000.00,  00000.00, 0, 0, 0, 0
7640,  00000.43, -00000.12, -00009.79, -00000.03,  00000.06, -00000.04, -00015.83,  00014.55,  00032.25,  00023.90, 0.00, 0.00, 0.00, 0.00, 0.00, 0.00, 0.00, 1020.32, 0, 0, 0, 0, 0, 0,  00000.01,  00000.03, -00000.01,  00001.00,  00000.00,  00000.00,  00000.00,  00000.00,  00000.00,  00000.00, 0, 0, 0, 0
7741,  00000.39, -00000.12, -00009.94, -00000.01,  00000.01, -00000.00, -00017.02,  00013.50,  00033.00,  00023.90, 0.00, 0.00, 0.00, 0.00, 0.00, 0.00, 0.00, 1020.32, 0, 0, 0, 0, 0, 0,  00000.01,  00000.03, -00000.02,  00001.00,  00000.00,  00000.00,  00000.00,  00000.00,  00000.00,  00000.00, 0, 0, 0, 0
7842,  00000.32, -00000.03, -00009.85, -00000.02, -00000.03, -00000.02, -00015.83,  00012.75,  00032.55,  00023.90, 0.00, 0.00, 0.00, 0.00, 0.00, 0.00, 0.00, 1020.32, 0, 0, 0, 0, 0, 0,  00000.00,  00000.02, -00000.02,  00001.00,  00000.00,  00000.00,  00000.00,  00000.00,  00000.00,  00000.00, 0, 0, 0, 0
7943,  00000.34, -00000.19, -00009.91,  00000.02,  00000.04, -00000.01, -00015.83,  00015.30,  00033.00,  00023.90, 0.00, 0.00, 0.00, 0.00, 0.00, 0.00, 0.00, 1020.32, 0, 0, 0, 0, 0, 0,  00000.01,  00000.02, -00000.01,  00001.00,  00000.00,  00000.00,  00000.00,  00000.00,  00000.00,  00000.00, 0, 0, 0, 0
8044,  00000.34, -00000.21, -00009.91, -00000.01, -00000.00,  00000.01, -00014.63,  00015.30,  00033.00,  00023.89, 0.00, 0.00, 0.00, 0.00, 0.00, 0.00, 0.00, 1020.32, 0, 0, 0, 0, 0, 0,  00000.01,  00000.02, -00000.00,  00001.00,  00000.00,  00000.00,  00000.00,  00000.00,  00000.00,  00000.00, 0, 0, 0, 0
8146,  00000.29, -00000.00, -00009.91, -00000.03, -00000.03, -00000.01, -00014.17,  00013.50,  00031.80,  00023.89, 0.00, 0.00, 0.00, 0.00, 0.00, 0.00, 0.00, 1020.32, 0, 0, 0, 0, 0, 0,  00000.00,  00000.02, -00000.01,  00001.00,  00000.00,  00000.00,  00000.00,  00000.00,  00000.00,  00000.00, 0, 0, 0, 0
8247,  00000.25,  00000.18, -00009.60,  00000.03, -00000.13,  00000.07, -00015.52,  00013.65,  00033.90,  00023.90, 0.00, 0.00, 0.00, 0.00, 0.00, 0.00, 0.00, 1020.32, 0, 0, 0, 0, 0, 0, -00000.00,  00000.02, -00000.01,  00001.00,  00000.00,  00000.00,  00000.00,  00000.00,  00000.00,  00000.00, 0, 0, 0, 0
8348, -00001.01,  00001.53, -00008.65,  00001.04,  00000.16,  00000.52, -00016.42,  00012.90,  00033.15,  00023.90, 0.00, 0.00, 0.00, 0.00, 0.00, 0.00, 0.00, 1020.32, 0, 0, 0, 0, 0, 0, -00000.04, -00000.02,  00000.00,  00001.00,  00000.00,  00000.00,  00000.00,  00000.00,  00000.00,  00000.00, 0, 0, 0, 0
8449,  00000.00,  00000.32, -00009.61,  00000.07, -00000.00,  00000.02, -00014.77,  00012.90,  00032.40,  00023.90, 0.00, 0.00, 0.00, 0.00, 0.00, 0.00, 0.00, 1020.32, 0, 0, 0, 0, 0, 0, -00000.01,  00000.01, -00000.01,  00001.00,  00000.00,  00000.00,  00000.00,  00000.00,  00000.00,  00000.00, 0, 0, 0, 0
8550,  00000.02,  00000.18, -00009.83, -00000.04, -00000.04, -00000.06, -00014.33,  00014.10,  00032.70,  00023.90, 0.00, 0.00, 0.00, 0.00, 0.00, 0.00, 0.00, 1020.32, 0, 0, 0, 0, 0, 0, -00000.00,  00000.01, -00000.01,  00001.00,  00000.00,  00000.00,  00000.00,  00000.00,  00000.00,  00000.00, 0, 0, 0, 0
8651, -00000.09,  00000.14, -00009.91, -00000.01, -00000.01,  00000.02, -00015.52,  00011.85,  00032.40,  00023.90, 0.00, 0.00, 0.00, 0.00, 0.00, 0.00, 0.00, 1020.32, 0, 0, 0, 0, 0, 0, -00000.00,  00000.01, -00000.02,  00001.00,  00000.00,  00000.00,  00000.00,  00000.00,  00000.00,  00000.00, 0, 0, 0, 0
8752,  00000.06,  00000.11, -00009.87, -00000.01, -00000.04, -00000.04, -00014.92,  00013.50,  00032.55,  00023.90, 0.00, 0.00, 0.00, 0.00, 0.00, 0.00, 0.00, 1020.32, 0, 0, 0, 0, 0, 0,  00000.00,  00000.01, -00000.01,  00001.00,  00000.00,  00000.00,  00000.00,  00000.00,  00000.00,  00000.00, 0, 0, 0, 0
8853, -00000.01,  00000.11, -00009.89, -00000.01,  00000.02, -00000.00, -00015.52,  00014.10,  00032.40,  00023.90, 0.00, 0.00, 0.00, 0.00, 0.00, 0.00, 0.00, 1020.32, 0, 0, 0, 0, 0, 0,  00000.00,  00000.01, -00000.01,  00001.00,  00000.00,  00000.00,  00000.00,  00000.00,  00000.00,  00000.00, 0, 0, 0, 0
8953, -00000.02,  00000.16, -00009.91, -00000.04, -00000.00,  00000.01, -00017.02,  00014.55,  00031.80,  00023.91, 0.00, 0.00, 0.00, 0.00, 0.00, 0.00, 0.00, 1020.32, 0, 0, 0, 0, 0, 0,  00000.00,  00000.02, -00000.01,  00001.00,  00000.00,  00000.00,  00000.00,  00000.00,  00000.00,  00000.00, 0, 0, 0, 0
9055, -00000.05,  00000.18, -00009.84, -00000.03, -00000.05,  00000.01, -00015.83,  00013.50,  00032.55,  00023.91, 0.00, 0.00, 0.00, 0.00, 0.00, 0.00, 0.00, 1020.32, 0, 0, 0, 0, 0, 0, -00000.00,  00000.01, -00000.01,  00001.00,  00000.00,  00000.00,  00000.00,  00000.00,  00000.00,  00000.00, 0, 0, 0, 0
9155, -00000.01,  00000.15, -00009.83, -00000.05,  00000.01, -00000.01, -00014.33,  00012.90,  00033.15,  00023.91, 0.00, 0.00, 0.00, 0.00, 0.00, 0.00, 0.00, 1020.32, 0, 0, 0, 0, 0, 0, -00000.00,  00000.01, -00000.01,  00001.00,  00000.00,  00000.00,  00000.00,  00000.00,  00000.00,  00000.00, 0, 0, 0, 0
9257, -00000.06,  00000.10, -00009.81, -00000.01, -00000.01, -00000.02, -00015.52,  00013.65,  00031.95,  00023.91, 0.00, 0.00, 0.00, 0.00, 0.00, 0.00, 0.00, 1020.32, 0, 0, 0, 0, 0, 0,  00000.00,  00000.01, -00000.01,  00001.00,  00000.00,  00000.00,  00000.00,  00000.00,  00000.00,  00000.00, 0, 0, 0, 0
9357,  00000.06,  00000.11, -00009.87,  00000.00, -00000.02, -00000.02, -00015.98,  00013.65,  00033.15,  00023.91, 0.00, 0.00, 0.00, 0.00, 0.00, 0.00, 0.00, 1020.32, 0, 0, 0, 0, 0, 0,  00000.00,  00000.01, -00000.02,  00001.00,  00000.00,  00000.00,  00000.00,  00000.00,  00000.00,  00000.00, 0, 0, 0, 0
9458, -00000.13, -00000.03, -00009.81,  00000.00,  00000.02, -00000.03, -00014.17,  00013.80,  00033.30,  00023.91, 0.00, 0.00, 0.00, 0.00, 0.00, 0.00, 0.00, 1020.33, 0, 0, 0, 0, 0, 0,  00000.01,  00000.00, -00000.01,  00001.00,  00000.00,  00000.00,  00000.00,  00000.00,  00000.00,  00000.00, 0, 0, 0, 0
9559,  00000.08,  00000.02, -00009.85,  00000.01,  00000.01,  00000.00, -00016.13,  00013.05,  00033.30,  00023.90, 0.00, 0.00, 0.00, 0.00, 0.00, 0.00, 0.00, 1020.33, 0, 0, 0, 0, 0, 0,  00000.00,  00000.02, -00000.02,  00001.00,  00000.00,  00000.00,  00000.00,  00000.00,  00000.00,  00000.00, 0, 0, 0, 0
9650,  00000.01,  00000.16, -00009.91,  00000.01,  00000.01, -00000.01, -00015.52,  00014.10,  00032.40,  00023.90, 0.00, 0.00, 0.00, 0.00, 0.00, 0.00, 0.00, 1020.33, 0, 0, 0, 0, 0, 0,  00000.00,  00000.01, -00000.01,  00001.00,  00000.00,  00000.00,  00000.00,  00000.00,  00000.00,  00000.00, 0, 0, 0, 0
9761,  00000.04,  00000.13, -00009.82, -00000.04,  00000.01,  00000.03, -00015.38,  00012.00,  00031.80,  00023.91, 0.00, 0.00, 0.00, 0.00, 0.00, 0.00, 0.00, 1020.33, 0, 0, 0, 0, 0, 0, -00000.00,  00000.01, -00000.02,  00001.00,  00000.00,  00000.00,  00000.00,  00000.00,  00000.00,  00000.00, 0, 0, 0, 0
9863,  00000.12,  00000.10, -00009.86,  00000.02,  00000.02,  00000.03, -00014.17,  00012.75,  00033.75,  00023.91, 0.00, 0.00, 0.00, 0.00, 0.00, 0.00, 0.00, 1020.34, 0, 0, 0, 0, 0, 0, -00000.00,  00000.01, -00000.01,  00001.00,  00000.00,  00000.00,  00000.00,  00000.00,  00000.00,  00000.00, 0, 0, 0, 0
