================================ Starting Log Protobuf =================================
Current Time: 0-0-0 0:0:0
Time (ms), Scaled. Acc x (mg), Scaled. Acc y (mg), Scaled. Acc z (mg), Gyr (DPS) x, Gyr (DPS) y, Gyr (DPS) z, Mag (uT) x, Mag (uT) y, Mag (uT) z, Tmp (C), Lat, Lon, Alt (mm), Speed (mm/s), Heading (degrees * 10^-5), pDOP, SIV, Pressure (hPa), Reciever Throttle Val (0-180), Reciever Aileron Servo (deg), Reciever Elevator Servo (deg), Reciever Rudder Servo (deg), Auto Mode (deg), Aux Mode,N, E, D, u, v, w, q1, q2, q3, q4, Servo Throttle Val (0-180), Servo Aileron Servo (deg), Servo Elevator Servo (deg), Servo Rudder Servo (deg)
2885,  00000.84,  00004.34, -00009.62, -00001.98, -00000.04,  00000.38, -00016.42, -00004.65,  00034.65,  00022.89, 0.00, 0.00, 0.00, 0.00, 0.00, 0.00, 0.00, 1020.34, 0, 0, 0, 0, 0, 0, -00000.41,  00000.24,  00000.78,  00000.41,  00000.00,  00000.00,  00000.00,  00000.00,  00000.00,  00000.00, 0, 0, 0, 0
2976,  00000.01,  00007.53, -00007.73, -00002.14, -00000.17,  00000.62, -00017.92, -00011.10,  00033.15,  00022.89, 0.00, 0.00, 0.00, 0.00, 0.00, 0.00, 0.00, 1020.34, 0, 0, 0, 0, 0, 0, -00000.33,  00000.01,  00000.00,  00000.94,  00000.00,  00000.00,  00000.00,  00000.00,  00000.00,  00000.00, 0, 0, 0, 0
3076,  00000.82,  00008.20, -00006.25, -00001.95, -00000.09,  00000.37, -00020.02, -00017.10,  00028.95,  00022.91, 0.00, 0.00, 0.00, 0.00, 0.00, 0.00, 0.00, 1020.34, 0, 0, 0, 0, 0, 0, -00000.38,  00000.05, -00000.02,  00000.92,  00000.00,  00000.00,  00000.00,  00000.00,  00000.00,  00000.00, 0, 0, 0, 0
3177,  00001.32,  00008.27, -00003.00, -00001.60,  00000.17, -00000.01, -00020.02, -00021.90,  00024.75,  00022.91, 0.00, 0.00, 0.00, 0.00, 0.00, 0.00, 0.00, 1020.34, 0, 0, 0, 0, 0, 0, -00000.45,  00000.09, -00000.05,  00000.89,  00000.00,  00000.00,  00000.00,  00000.00,  00000.00,  00000.00, 0, 0, 0, 0
3278,  00001.57,  00009.31, -00002.12, -00001.03,  00000.11, -00000.01, -00020.93, -00025.20,  00021.90,  00022.92, 0.00, 0.00, 0.00, 0.00, 0.00, 0.00, 0.00, 1020.34, 0, 0, 0, 0, 0, 0, -00000.49,  00000.11, -00000.06,  00000.86,  00000.00,  00000.00,  00000.00,  00000.00,  00000.00,  00000.00, 0, 0, 0, 0
3379,  00001.22,  00009.96, -00000.89, -00001.33,  00000.10, -00000.04, -00021.52, -00027.15,  00016.05,  00022.92, 0.00, 0.00, 0.00, 0.00, 0.00, 0.00, 0.00, 1020.34, 0, 0, 0, 0, 0, 0, -00000.55,  00000.11, -00000.06,  00000.83,  00000.00,  00000.00,  00000.00,  00000.00,  00000.00,  00000.00, 0, 0, 0, 0
3480,  00001.20,  00010.20, -00000.06, -00001.43, -00000.15, -00000.09, -00021.52, -00029.85,  00012.60,  00022.92, 0.00, 0.00, 0.00, 0.00, 0.00, 0.00, 0.00, 1020.34, 0, 0, 0, 0, 0, 0, -00000.58,  00000.11, -00000.07,  00000.80,  00000.00,  00000.00,  00000.00,  00000.00,  00000.00,  00000.00, 0, 0, 0, 0
3582,  00001.53,  00009.65,  00000.17, -00000.44,  00000.06, -00000.22, -00021.52, -00030.90,  00008.40,  00022.92, 0.00, 0.00, 0.00, 0.00, 0.00, 0.00, 0.00, 1020.34, 0, 0, 0, 0, 0, 0, -00000.56,  00000.14, -00000.10,  00000.81,  00000.00,  00000.00,  00000.00,  00000.00,  00000.00,  00000.00, 0, 0, 0, 0
3682,  00001.32,  00009.35,  00001.02, -00000.09,  00000.16, -00000.04, -00021.52, -00031.35,  00010.05,  00022.93, 0.00, 0.00, 0.00, 0.00, 0.00, 0.00, 0.00, 1020.34, 0, 0, 0, 0, 0, 0, -00000.56,  00000.13, -00000.11,  00000.81,  00000.00,  00000.00,  00000.00,  00000.00,  00000.00,  00000.00, 0, 0, 0, 0
3784,  00001.34,  00009.59,  00000.50,  00000.04,  00000.06, -00000.02, -00021.52, -00032.40,  00010.05,  00022.93, 0.00, 0.00, 0.00, 0.00, 0.00, 0.00, 0.00, 1020.34, 0, 0, 0, 0, 0, 0, -00000.56,  00000.13, -00000.11,  00000.81,  00000.00,  00000.00,  00000.00,  00000.00,  00000.00,  00000.00, 0, 0, 0, 0
3884,  00001.11,  00009.82,  00000.64,  00000.14, -00000.08,  00000.00, -00022.13, -00030.75,  00009.75,  00022.93, 0.00, 0.00, 0.00, 0.00, 0.00, 0.00, 0.00, 1020.34, 0, 0, 0, 0, 0, 0, -00000.57,  00000.11, -00000.11,  00000.81,  00000.00,  00000.00,  00000.00,  00000.00,  00000.00,  00000.00, 0, 0, 0, 0
3985,  00001.28,  00009.58,  00000.91,  00000.31, -00000.06, -00000.09, -00019.57, -00032.40,  00010.05,  00022.93, 0.00, 0.00, 0.00, 0.00, 0.00, 0.00, 0.00, 1020.34, 0, 0, 0, 0, 0, 0, -00000.57,  00000.12, -00000.11,  00000.81,  00000.00,  00000.00,  00000.00,  00000.00,  00000.00,  00000.00, 0, 0, 0, 0
4087,  00001.31,  00009.89, -00000.13,  00000.91,  00000.00, -00000.08, -00020.77, -00030.60,  00012.30,  00022.93, 0.00, 0.00, 0.00, 0.00, 0.00, 0.00, 0.00, 1020.34, 0, 0, 0, 0, 0, 0, -00000.54,  00000.12, -00000.11,  00000.83,  00000.00,  00000.00,  00000.00,  00000.00,  00000.00,  00000.00, 0, 0, 0, 0
4188,  00001.04,  00010.31, -00000.56,  00001.35, -00000.17, -00000.08, -00020.77, -00030.60,  00015.60,  00022.93, 0.00, 0.00, 0.00, 0.00, 0.00, 0.00, 0.00, 1020.34, 0, 0, 0, 0, 0, 0, -00000.54,  00000.10, -00000.11,  00000.83,  00000.00,  00000.00,  00000.00,  00000.00,  00000.00,  00000.00, 0, 0, 0, 0
4289,  00000.80,  00009.57, -00002.64,  00001.35,  00000.11,  00000.07, -00020.32, -00026.85,  00018.30,  00022.93, 0.00, 0.00, 0.00, 0.00, 0.00, 0.00, 0.00, 1020.34, 0, 0, 0, 0, 0, 0, -00000.47,  00000.08, -00000.09,  00000.88,  00000.00,  00000.00,  00000.00,  00000.00,  00000.00,  00000.00, 0, 0, 0, 0
4390,  00001.27,  00008.21, -00004.75,  00001.88, -00000.10, -00000.21, -00020.18, -00023.25,  00024.60,  00022.93, 0.00, 0.00, 0.00, 0.00, 0.00, 0.00, 0.00, 1020.35, 0, 0, 0, 0, 0, 0, -00000.38,  00000.09, -00000.10,  00000.92,  00000.00,  00000.00,  00000.00,  00000.00,  00000.00,  00000.00, 0, 0, 0, 0
4491,  00001.42,  00007.21, -00005.67,  00001.63, -00000.13, -00000.10, -00020.77, -00017.85,  00027.45,  00022.93, 0.00, 0.00, 0.00, 0.00, 0.00, 0.00, 0.00, 1020.35, 0, 0, 0, 0, 0, 0, -00000.32,  00000.09, -00000.08,  00000.94,  00000.00,  00000.00,  00000.00,  00000.00,  00000.00,  00000.00, 0, 0, 0, 0
4581,  00001.19,  00006.69, -00006.91,  00001.64,  00000.03, -00000.07, -00020.63, -00013.95,  00031.80,  00022.93, 0.00, 0.00, 0.00, 0.00, 0.00, 0.00, 0.00, 1020.35, 0, 0, 0, 0, 0, 0, -00000.28,  00000.07, -00000.07,  00000.95,  00000.00,  00000.00,  00000.00,  00000.00,  00000.00,  00000.00, 0, 0, 0, 0
4693,  00000.70,  00005.30, -00008.08,  00001.61,  00000.05, -00000.24, -00021.23, -00007.35,  00031.95,  00022.93, 0.00, 0.00, 0.00, 0.00, 0.00, 0.00, 0.00, 1020.35, 0, 0, 0, 0, 0, 0, -00000.21,  00000.06, -00000.07,  00000.97,  00000.00,  00000.00,  00000.00,  00000.00,  00000.00,  00000.00, 0, 0, 0, 0
4794,  00000.53,  00004.33, -00009.48,  00001.06,  00000.04, -00000.12, -00020.32, -00002.40,  00033.15,  00022.93, 0.00, 0.00, 0.00, 0.00, 0.00, 0.00, 0.00, 1020.35, 0, 0, 0, 0, 0, 0, -00000.17,  00000.04, -00000.05,  00000.98,  00000.00,  00000.00,  00000.00,  00000.00,  00000.00,  00000.00, 0, 0, 0, 0
4894,  00000.88,  00002.46, -00008.76,  00001.20, -00000.37,  00000.03, -00019.57,  00003.60,  00033.45,  00022.94, 0.00, 0.00, 0.00, 0.00, 0.00, 0.00, 0.00, 1020.35, 0, 0, 0, 0, 0, 0, -00000.09,  00000.05, -00000.04,  00000.99,  00000.00,  00000.00,  00000.00,  00000.00,  00000.00,  00000.00, 0, 0, 0, 0
4996,  00000.87,  00001.30, -00009.40,  00000.60, -00000.03, -00000.22, -00021.38,  00006.30,  00033.30,  00022.94, 0.00, 0.00, 0.00, 0.00, 0.00, 0.00, 0.00, 1020.36, 0, 0, 0, 0, 0, 0, -00000.05,  00000.05, -00000.05,  00001.00,  00000.00,  00000.00,  00000.00,  00000.00,  00000.00,  00000.00, 0, 0, 0, 0
5096,  00000.41,  00000.96, -00010.59,  00000.14, -00000.09,  00000.14, -00020.77,  00006.90,  00031.20,  00022.94, 0.00, 0.00, 0.00, 0.00, 0.00, 0.00, 0.00, 1020.36, 0, 0, 0, 0, 0, 0, -00000.04,  00000.04, -00000.04,  00001.00,  00000.00,  00000.00,  00000.00,  00000.00,  00000.00,  00000.00, 0, 0, 0, 0
5198,  00000.56,  00001.28, -00009.90, -00000.16, -00000.06, -00000.02, -00018.98,  00008.25,  00032.55,  00022.94, 0.00, 0.00, 0.00, 0.00, 0.00, 0.00, 0.00, 1020.36, 0, 0, 0, 0, 0, 0, -00000.05,  00000.04, -00000.03,  00001.00,  00000.00,  00000.00,  00000.00,  00000.00,  00000.00,  00000.00, 0, 0, 0, 0
5298,  00000.56,  00001.06, -00009.94,  00000.03, -00000.06,  00000.10, -00018.82,  00008.10,  00033.90,  00022.94, 0.00, 0.00, 0.00, 0.00, 0.00, 0.00, 0.00, 1020.36, 0, 0, 0, 0, 0, 0, -00000.05,  00000.04, -00000.02,  00001.00,  00000.00,  00000.00,  00000.00,  00000.00,  00000.00,  00000.00, 0, 0, 0, 0
5511,  00000.34,  00001.12, -00009.36,  00000.02,  00000.03, -00000.06, -00018.38,  00008.40,  00033.45,  00022.95, 0.00, 0.00, 0.00, 0.00, 0.00, 0.00, 0.00, 1020.36, 0, 0, 0, 0, 0, 0, -00000.05,  00000.03, -00000.03,  00001.00,  00000.00,  00000.00,  00000.00,  00000.00,  00000.00,  00000.00, 0, 0, 0, 0
5602,  00000.33,  00001.69, -00008.83,  00000.01,  00000.08, -00000.43, -00018.38,  00007.35,  00034.35,  00022.95, 0.00, 0.00, 0.00, 0.00, 0.00, 0.00, 0.00, 1020.37, 0, 0, 0, 0, 0, 0, -00000.07,  00000.03, -00000.04,  00001.00,  00000.00,  00000.00,  00000.00,  00000.00,  00000.00,  00000.00, 0, 0, 0, 0
5702,  00000.83,  00001.19, -00009.04,  00000.61,  00000.53, -00000.41, -00018.82,  00006.90,  00032.70,  00022.95, 0.00, 0.00, 0.00, 0.00, 0.00, 0.00, 0.00, 1020.37, 0, 0, 0, 0, 0, 0, -00000.04,  00000.05, -00000.05,  00001.00,  00000.00,  00000.00,  00000.00,  00000.00,  00000.00,  00000.00, 0, 0, 0, 0
5804, -00000.06,  00000.71, -00009.97,  00000.82, -00001.98, -00000.06, -00020.93,  00008.55,  00031.80,  00022.95, 0.00, 0.00, 0.00, 0.00, 0.00, 0.00, 0.00, 1020.37, 0, 0, 0, 0, 0, 0, -00000.02,  00000.00, -00000.05,  00001.00,  00000.00,  00000.00,  00000.00,  00000.00,  00000.00,  00000.00, 0, 0, 0, 0
5904, -00000.01,  00000.53, -00009.97,  00000.03,  00000.03, -00000.01, -00018.98,  00011.25,  00032.55,  00022.95, 0.00, 0.00, 0.00, 0.00, 0.00, 0.00, 0.00, 1020.37, 0, 0, 0, 0, 0, 0, -00000.02,  00000.02, -00000.03,  00001.00,  00000.00,  00000.00,  00000.00,  00000.00,  00000.00,  00000.00, 0, 0, 0, 0
6006, -00000.55,  00000.53, -00009.49,  00000.20, -00000.10,  00000.31, -00017.77,  00010.50,  00031.80,  00022.95, 0.00, 0.00, 0.00, 0.00, 0.00, 0.00, 0.00, 1020.37, 0, 0, 0, 0, 0, 0, -00000.02, -00000.00, -00000.02,  00001.00,  00000.00,  00000.00,  00000.00,  00000.00,  00000.00,  00000.00, 0, 0, 0, 0
6107,  00000.28,  00000.02, -00010.02, -00000.10, -00000.05, -00000.00, -00018.98,  00012.00,  00032.25,  00022.96, 0.00, 0.00, 0.00, 0.00, 0.00, 0.00, 0.00, 1020.37, 0, 0, 0, 0, 0, 0, -00000.00,  00000.03, -00000.03,  00001.00,  00000.00,  00000.00,  00000.00,  00000.00,  00000.00,  00000.00, 0, 0, 0, 0
6208,  00000.08,  00000.11, -00009.89, -00000.04,  00000.01, -00000.01, -00016.73,  00011.40,  00030.90,  00022.96, 0.00, 0.00, 0.00, 0.00, 0.00, 0.00, 0.00, 1020.37, 0, 0, 0, 0, 0, 0, -00000.00,  00000.02, -00000.03,  00001.00,  00000.00,  00000.00,  00000.00,  00000.00,  00000.00,  00000.00, 0, 0, 0, 0
6309,  00000.01,  00000.16, -00009.77, -00000.02,  00000.01, -00000.00, -00017.92,  00011.85,  00031.95,  00022.96, 0.00, 0.00, 0.00, 0.00, 0.00, 0.00, 0.00, 1020.37, 0, 0, 0, 0, 0, 0, -00000.00,  00000.02, -00000.03,  00001.00,  00000.00,  00000.00,  00000.00,  00000.00,  00000.00,  00000.00, 0, 0, 0, 0
6410,  00000.12,  00000.07, -00009.85,  00000.02,  00000.02, -00000.03, -00018.23,  00012.30,  00032.55,  00022.96, 0.00, 0.00, 0.00, 0.00, 0.00, 0.00, 0.00, 1020.37, 0, 0, 0, 0, 0, 0, -00000.00,  00000.02, -00000.03,  00001.00,  00000.00,  00000.00,  00000.00,  00000.00,  00000.00,  00000.00, 0, 0, 0, 0
6511,  00000.07,  00000.17, -00009.88,  00000.01,  00000.01, -00000.02, -00018.38,  00012.15,  00032.70,  00022.96, 0.00, 0.00, 0.00, 0.00, 0.00, 0.00, 0.00, 1020.37, 0, 0, 0, 0, 0, 0, -00000.00,  00000.02, -00000.03,  00001.00,  00000.00,  00000.00,  00000.00,  00000.00,  00000.00,  00000.00, 0, 0, 0, 0
6601,  00000.00,  00000.03, -00009.94, -00000.00, -00000.00,  00000.02, -00016.73,  00011.10,  00031.95,  00022.96, 0.00, 0.00, 0.00, 0.00, 0.00, 0.00, 0.00, 1020.37, 0, 0, 0, 0, 0, 0, -00000.00,  00000.01, -00000.03,  00001.00,  00000.00,  00000.00,  00000.00,  00000.00,  00000.00,  00000.00, 0, 0, 0, 0
6713,  00000.09,  00000.09, -00009.88, -00000.00, -00000.00,  00000.02, -00018.82,  00011.40,  00033.15,  00022.96, 0.00, 0.00, 0.00, 0.00, 0.00, 0.00, 0.00, 1020.37, 0, 0, 0, 0, 0, 0, -00000.00,  00000.02, -00000.03,  00001.00,  00000.00,  00000.00,  00000.00,  00000.00,  00000.00,  00000.00, 0, 0, 0, 0
6814,  00000.20,  00000.24, -00009.89,  00000.00, -00000.03,  00000.00, -00017.92,  00011.85,  00031.95,  00022.96, 0.00, 0.00, 0.00, 0.00, 0.00, 0.00, 0.00, 1020.37, 0, 0, 0, 0, 0, 0, -00000.01,  00000.02, -00000.02,  00001.00,  00000.00,  00000.00,  00000.00,  00000.00,  00000.00,  00000.00, 0, 0, 0, 0
6914,  00000.03,  00000.16, -00009.74,  00000.03, -00000.00, -00000.03, -00016.58,  00011.25,  00032.55,  00022.96, 0.00, 0.00, 0.00, 0.00, 0.00, 0.00, 0.00, 1020.37, 0, 0, 0, 0, 0, 0, -00000.01,  00000.01, -00000.03,  00001.00,  00000.00,  00000.00,  00000.00,  00000.00,  00000.00,  00000.00, 0, 0, 0, 0
7027,  00000.13,  00000.26, -00009.81,  00000.03, -00000.00, -00000.02, -00018.52,  00011.25,  00031.50,  00022.96, 0.00, 0.00, 0.00, 0.00, 0.00, 0.00, 0.00, 1020.37, 0, 0, 0, 0, 0, 0, -00000.01,  00000.02, -00000.03,  00001.00,  00000.00,  00000.00,  00000.00,  00000.00,  00000.00,  00000.00, 0, 0, 0, 0
7116, -00000.07,  00000.21, -00009.78, -00000.02, -00000.04, -00000.01, -00017.33,  00011.55,  00033.75,  00022.96, 0.00, 0.00, 0.00, 0.00, 0.00, 0.00, 0.00, 1020.37, 0, 0, 0, 0, 0, 0, -00000.01,  00000.01, -00000.03,  00001.00,  00000.00,  00000.00,  00000.00,  00000.00,  00000.00,  00000.00, 0, 0, 0, 0
7217,  00000.00,  00000.11, -00009.90, -00000.01,  00000.01, -00000.02, -00016.58,  00010.80,  00032.55,  00022.97, 0.00, 0.00, 0.00, 0.00, 0.00, 0.00, 0.00, 1020.37, 0, 0, 0, 0, 0, 0, -00000.01,  00000.01, -00000.03,  00001.00,  00000.00,  00000.00,  00000.00,  00000.00,  00000.00,  00000.00, 0, 0, 0, 0
7318,  00000.10,  00000.23, -00009.81, -00000.02, -00000.02, -00000.01, -00017.92,  00012.60,  00031.65,  00022.97, 0.00, 0.00, 0.00, 0.00, 0.00, 0.00, 0.00, 1020.37, 0, 0, 0, 0, 0, 0, -00000.00,  00000.02, -00000.02,  00001.00,  00000.00,  00000.00,  00000.00,  00000.00,  00000.00,  00000.00, 0, 0, 0, 0
7419,  00000.11,  00000.23, -00009.82, -00000.01, -00000.04, -00000.02, -00016.73,  00012.15,  00033.45,  00022.97, 0.00, 0.00, 0.00, 0.00, 0.00, 0.00, 0.00, 1020.37, 0, 0, 0, 0, 0, 0, -00000.01,  00000.02, -00000.02,  00001.00,  00000.00,  00000.00,  00000.00,  00000.00,  00000.00,  00000.00, 0, 0, 0, 0
7520, -00000.01,  00000.11, -00009.84, -00000.02, -00000.00,  00000.02, -00017.77,  00012.00,  00031.05,  00022.97, 0.00, 0.00, 0.00, 0.00, 0.00, 0.00, 0.00, 1020.37, 0, 0, 0, 0, 0, 0, -00000.00,  00000.02, -00000.03,  00001.00,  00000.00,  00000.00,  00000.00,  00000.00,  00000.00,  00000.00, 0, 0, 0, 0
