================================ Starting Log Protobuf =================================
Current Time: 0-0-0 0:0:0
Time (ms), Scaled. Acc x (mg), Scaled. Acc y (mg), Scaled. Acc z (mg), Gyr (DPS) x, Gyr (DPS) y, Gyr (DPS) z, Mag (uT) x, Mag (uT) y, Mag (uT) z, Tmp (C), Lat, Lon, Alt (mm), Speed (mm/s), Heading (degrees * 10^-5), pDOP, SIV, Pressure (hPa), Reciever Throttle Val (0-180), Reciever Aileron Servo (deg), Reciever Elevator Servo (deg), Reciever Rudder Servo (deg), Auto Mode (deg), Aux Mode,N, E, D, u, v, w, q1, q2, q3, q4, Servo Throttle Val (0-180), Servo Aileron Servo (deg), Servo Elevator Servo (deg), Servo Rudder Servo (deg)
2880,  00000.01,  00000.18, -00009.62, -00000.01,  00000.06,  00000.01, -00019.57,  00011.40,  00034.35,  00022.83, 0.00, 0.00, 0.00, 0.00, 0.00, 0.00, 0.00, 1020.35, 0, 0, 0, 0, 0, 0,  00000.00,  00000.00,  00000.00,  00000.00,  00000.00,  00000.00,  00000.00,  00000.00,  00000.00,  00000.00, 0, 0, 0, 0
2971, -00000.01,  00000.15, -00009.82, -00000.01,  00000.02,  00000.02, -00017.92,  00012.60,  00033.15,  00022.83, 0.00, 0.00, 0.00, 0.00, 0.00, 0.00, 0.00, 1020.35, 0, 0, 0, 0, 0, 0, -00000.00,  00000.02, -00000.02,  00001.00,  00000.00,  00000.00,  00000.00,  00000.00,  00000.00,  00000.00, 0, 0, 0, 0
3072, -00000.04,  00000.18, -00009.74,  00000.03,  00000.01,  00000.00, -00018.82,  00011.40,  00032.70,  00022.86, 0.00, 0.00, 0.00, 0.00, 0.00, 0.00, 0.00, 1020.35, 0, 0, 0, 0, 0, 0, -00000.01,  00000.02, -00000.03,  00001.00,  00000.00,  00000.00,  00000.00,  00000.00,  00000.00,  00000.00, 0, 0, 0, 0
3173,  00000.01,  00000.16, -00009.81, -00000.01, -00000.01,  00000.01, -00019.13,  00011.40,  00032.70,  00022.86, 0.00, 0.00, 0.00, 0.00, 0.00, 0.00, 0.00, 1020.35, 0, 0, 0, 0, 0, 0, -00000.01,  00000.02, -00000.03,  00001.00,  00000.00,  00000.00,  00000.00,  00000.00,  00000.00,  00000.00, 0, 0, 0, 0
3273, -00000.04,  00000.17, -00009.70,  00000.02, -00000.02,  00000.00, -00018.52,  00010.05,  00033.30,  00022.86, 0.00, 0.00, 0.00, 0.00, 0.00, 0.00, 0.00, 1020.35, 0, 0, 0, 0, 0, 0, -00000.01,  00000.02, -00000.04,  00001.00,  00000.00,  00000.00,  00000.00,  00000.00,  00000.00,  00000.00, 0, 0, 0, 0
3375,  00000.06,  00000.11, -00009.77,  00000.01, -00000.01,  00000.00, -00017.92,  00011.85,  00032.70,  00022.86, 0.00, 0.00, 0.00, 0.00, 0.00, 0.00, 0.00, 1020.35, 0, 0, 0, 0, 0, 0, -00000.00,  00000.02, -00000.03,  00001.00,  00000.00,  00000.00,  00000.00,  00000.00,  00000.00,  00000.00, 0, 0, 0, 0
3475, -00000.06,  00000.06, -00009.82,  00000.01,  00000.02,  00000.02, -00020.02,  00010.35,  00031.65,  00022.87, 0.00, 0.00, 0.00, 0.00, 0.00, 0.00, 0.00, 1020.35, 0, 0, 0, 0, 0, 0, -00000.00,  00000.02, -00000.04,  00001.00,  00000.00,  00000.00,  00000.00,  00000.00,  00000.00,  00000.00, 0, 0, 0, 0
3577,  00000.10,  00000.19, -00009.85, -00000.03,  00000.00, -00000.03, -00018.82,  00011.85,  00033.15,  00022.87, 0.00, 0.00, 0.00, 0.00, 0.00, 0.00, 0.00, 1020.35, 0, 0, 0, 0, 0, 0, -00000.01,  00000.02, -00000.03,  00001.00,  00000.00,  00000.00,  00000.00,  00000.00,  00000.00,  00000.00, 0, 0, 0, 0
3677,  00000.10,  00000.20, -00009.90,  00000.01, -00000.00,  00000.01, -00018.82,  00011.85,  00032.70,  00022.88, 0.00, 0.00, 0.00, 0.00, 0.00, 0.00, 0.00, 1020.35, 0, 0, 0, 0, 0, 0, -00000.01,  00000.02, -00000.03,  00001.00,  00000.00,  00000.00,  00000.00,  00000.00,  00000.00,  00000.00, 0, 0, 0, 0
3778, -00000.08,  00000.03, -00009.91,  00000.03,  00000.01, -00000.01, -00017.63,  00010.65,  00031.65,  00022.88, 0.00, 0.00, 0.00, 0.00, 0.00, 0.00, 0.00, 1020.35, 0, 0, 0, 0, 0, 0, -00000.00,  00000.01, -00000.03,  00001.00,  00000.00,  00000.00,  00000.00,  00000.00,  00000.00,  00000.00, 0, 0, 0, 0
3879, -00000.05,  00000.15, -00009.79,  00000.00,  00000.03,  00000.01, -00017.77,  00010.05,  00032.25,  00022.88, 0.00, 0.00, 0.00, 0.00, 0.00, 0.00, 0.00, 1020.35, 0, 0, 0, 0, 0, 0, -00000.01,  00000.02, -00000.03,  00001.00,  00000.00,  00000.00,  00000.00,  00000.00,  00000.00,  00000.00, 0, 0, 0, 0
3980, -00000.03,  00000.17, -00009.92, -00000.00, -00000.02,  00000.00, -00018.82,  00012.15,  00034.35,  00022.88, 0.00, 0.00, 0.00, 0.00, 0.00, 0.00, 0.00, 1020.35, 0, 0, 0, 0, 0, 0, -00000.01,  00000.02, -00000.03,  00001.00,  00000.00,  00000.00,  00000.00,  00000.00,  00000.00,  00000.00, 0, 0, 0, 0
4081, -00000.00,  00000.13, -00009.80, -00000.01, -00000.00,  00000.01, -00017.17,  00011.85,  00033.15,  00022.88, 0.00, 0.00, 0.00, 0.00, 0.00, 0.00, 0.00, 1020.35, 0, 0, 0, 0, 0, 0, -00000.00,  00000.01, -00000.02,  00001.00,  00000.00,  00000.00,  00000.00,  00000.00,  00000.00,  00000.00, 0, 0, 0, 0
4183,  00000.07,  00000.08, -00009.90,  00000.03,  00000.03, -00000.01, -00018.38,  00011.10,  00031.65,  00022.88, 0.00, 0.00, 0.00, 0.00, 0.00, 0.00, 0.00, 1020.35, 0, 0, 0, 0, 0, 0, -00000.00,  00000.02, -00000.03,  00001.00,  00000.00,  00000.00,  00000.00,  00000.00,  00000.00,  00000.00, 0, 0, 0, 0
4283, -00000.12,  00000.13, -00009.89, -00000.03, -00000.02, -00000.02, -00017.92,  00011.40,  00032.70,  00022.89, 0.00, 0.00, 0.00, 0.00, 0.00, 0.00, 0.00, 1020.35, 0, 0, 0, 0, 0, 0, -00000.01,  00000.01, -00000.03,  00001.00,  00000.00,  00000.00,  00000.00,  00000.00,  00000.00,  00000.00, 0, 0, 0, 0
4385,  00000.01,  00000.17, -00009.89,  00000.03, -00000.01, -00000.01, -00018.38,  00010.35,  00031.65,  00022.89, 0.00, 0.00, 0.00, 0.00, 0.00, 0.00, 0.00, 1020.35, 0, 0, 0, 0, 0, 0, -00000.01,  00000.02, -00000.03,  00001.00,  00000.00,  00000.00,  00000.00,  00000.00,  00000.00,  00000.00, 0, 0, 0, 0
4485, -00000.02,  00000.11, -00009.85, -00000.01, -00000.04, -00000.03, -00017.77,  00011.25,  00032.25,  00022.89, 0.00, 0.00, 0.00, 0.00, 0.00, 0.00, 0.00, 1020.35, 0, 0, 0, 0, 0, 0, -00000.00,  00000.02, -00000.03,  00001.00,  00000.00,  00000.00,  00000.00,  00000.00,  00000.00,  00000.00, 0, 0, 0, 0
4576,  00000.03,  00000.11, -00009.85,  00000.01, -00000.01,  00000.02, -00017.33,  00010.50,  00033.75,  00022.89, 0.00, 0.00, 0.00, 0.00, 0.00, 0.00, 0.00, 1020.35, 0, 0, 0, 0, 0, 0, -00000.01,  00000.02, -00000.03,  00001.00,  00000.00,  00000.00,  00000.00,  00000.00,  00000.00,  00000.00, 0, 0, 0, 0
4688, -00000.03,  00000.11, -00009.90, -00000.01,  00000.01, -00000.02, -00017.92,  00011.85,  00033.45,  00022.90, 0.00, 0.00, 0.00, 0.00, 0.00, 0.00, 0.00, 1020.35, 0, 0, 0, 0, 0, 0, -00000.00,  00000.02, -00000.03,  00001.00,  00000.00,  00000.00,  00000.00,  00000.00,  00000.00,  00000.00, 0, 0, 0, 0
4789,  00000.06,  00000.06, -00009.79,  00000.01,  00000.00,  00000.01, -00017.77,  00011.55,  00033.75,  00022.90, 0.00, 0.00, 0.00, 0.00, 0.00, 0.00, 0.00, 1020.35, 0, 0, 0, 0, 0, 0, -00000.00,  00000.02, -00000.03,  00001.00,  00000.00,  00000.00,  00000.00,  00000.00,  00000.00,  00000.00, 0, 0, 0, 0
4890,  00000.00,  00000.12, -00009.74,  00000.01, -00000.02,  00000.02, -00018.23,  00011.25,  00033.75,  00022.90, 0.00, 0.00, 0.00, 0.00, 0.00, 0.00, 0.00, 1020.35, 0, 0, 0, 0, 0, 0, -00000.01,  00000.02, -00000.03,  00001.00,  00000.00,  00000.00,  00000.00,  00000.00,  00000.00,  00000.00, 0, 0, 0, 0
4991, -00000.03,  00000.19, -00009.79,  00000.02,  00000.01, -00000.03, -00018.23,  00010.80,  00031.05,  00022.90, 0.00, 0.00, 0.00, 0.00, 0.00, 0.00, 0.00, 1020.35, 0, 0, 0, 0, 0, 0, -00000.01,  00000.02, -00000.03,  00001.00,  00000.00,  00000.00,  00000.00,  00000.00,  00000.00,  00000.00, 0, 0, 0, 0
5092, -00000.00,  00000.10, -00009.76,  00000.12,  00000.02, -00000.01, -00017.33,  00011.25,  00033.00,  00022.91, 0.00, 0.00, 0.00, 0.00, 0.00, 0.00, 0.00, 1020.35, 0, 0, 0, 0, 0, 0, -00000.00,  00000.01, -00000.03,  00001.00,  00000.00,  00000.00,  00000.00,  00000.00,  00000.00,  00000.00, 0, 0, 0, 0
5193,  00000.19, -00000.28, -00009.78,  00000.06,  00000.03, -00000.12, -00018.98,  00010.80,  00031.05,  00022.91, 0.00, 0.00, 0.00, 0.00, 0.00, 0.00, 0.00, 1020.35, 0, 0, 0, 0, 0, 0,  00000.01,  00000.03, -00000.04,  00001.00,  00000.00,  00000.00,  00000.00,  00000.00,  00000.00,  00000.00, 0, 0, 0, 0
5293, -00000.03,  00000.10, -00009.49, -00000.00,  00000.17,  00000.00, -00019.57,  00009.90,  00032.70,  00022.92, 0.00, 0.00, 0.00, 0.00, 0.00, 0.00, 0.00, 1020.35, 0, 0, 0, 0, 0, 0, -00000.01,  00000.02, -00000.04,  00001.00,  00000.00,  00000.00,  00000.00,  00000.00,  00000.00,  00000.00, 0, 0, 0, 0
5506,  00000.34,  00000.57, -00009.44,  00000.01,  00000.01,  00000.05, -00017.33,  00011.25,  00033.75,  00022.91, 0.00, 0.00, 0.00, 0.00, 0.00, 0.00, 0.00, 1020.35, 0, 0, 0, 0, 0, 0, -00000.02,  00000.03, -00000.02,  00001.00,  00000.00,  00000.00,  00000.00,  00000.00,  00000.00,  00000.00, 0, 0, 0, 0
5597,  00000.18,  00000.28, -00009.88,  00000.02, -00000.02,  00000.10, -00018.38,  00011.10,  00032.70,  00022.91, 0.00, 0.00, 0.00, 0.00, 0.00, 0.00, 0.00, 1020.35, 0, 0, 0, 0, 0, 0, -00000.01,  00000.02, -00000.02,  00001.00,  00000.00,  00000.00,  00000.00,  00000.00,  00000.00,  00000.00, 0, 0, 0, 0
5697,  00000.11,  00000.30, -00009.81, -00000.04,  00000.06,  00000.14, -00018.98,  00010.50,  00031.50,  00022.91, 0.00, 0.00, 0.00, 0.00, 0.00, 0.00, 0.00, 1020.35, 0, 0, 0, 0, 0, 0, -00000.01,  00000.02, -00000.03,  00001.00,  00000.00,  00000.00,  00000.00,  00000.00,  00000.00,  00000.00, 0, 0, 0, 0
5798,  00000.03,  00000.07, -00009.98, -00000.03,  00000.02,  00000.17, -00020.02,  00011.40,  00031.95,  00022.91, 0.00, 0.00, 0.00, 0.00, 0.00, 0.00, 0.00, 1020.35, 0, 0, 0, 0, 0, 0, -00000.00,  00000.02, -00000.03,  00001.00,  00000.00,  00000.00,  00000.00,  00000.00,  00000.00,  00000.00, 0, 0, 0, 0
5899, -00000.24,  00000.28, -00010.10, -00000.05, -00000.20,  00000.08, -00018.98,  00011.25,  00032.55,  00022.91, 0.00, 0.00, 0.00, 0.00, 0.00, 0.00, 0.00, 1020.35, 0, 0, 0, 0, 0, 0, -00000.01,  00000.01, -00000.03,  00001.00,  00000.00,  00000.00,  00000.00,  00000.00,  00000.00,  00000.00, 0, 0, 0, 0
6000, -00000.00,  00000.12, -00009.86, -00000.11, -00000.45,  00000.28, -00018.52,  00010.80,  00033.00,  00022.91, 0.00, 0.00, 0.00, 0.00, 0.00, 0.00, 0.00, 1020.35, 0, 0, 0, 0, 0, 0, -00000.01,  00000.01, -00000.02,  00001.00,  00000.00,  00000.00,  00000.00,  00000.00,  00000.00,  00000.00, 0, 0, 0, 0
6101, -00000.70, -00000.03, -00009.77, -00000.09, -00000.86,  00000.20, -00014.63,  00011.40,  00033.45,  00022.92, 0.00, 0.00, 0.00, 0.00, 0.00, 0.00, 0.00, 1020.36, 0, 0, 0, 0, 0, 0, -00000.00, -00000.02, -00000.02,  00001.00,  00000.00,  00000.00,  00000.00,  00000.00,  00000.00,  00000.00, 0, 0, 0, 0
6203, -00001.37,  00000.52, -00009.21,  00000.07, -00001.13,  00000.14, -00010.27,  00011.10,  00035.85,  00022.92, 0.00, 0.00, 0.00, 0.00, 0.00, 0.00, 0.00, 1020.35, 0, 0, 0, 0, 0, 0, -00000.02, -00000.06, -00000.01,  00001.00,  00000.00,  00000.00,  00000.00,  00000.00,  00000.00,  00000.00, 0, 0, 0, 0
6303, -00002.87,  00000.45, -00009.28, -00000.16, -00001.51, -00000.05, -00006.07,  00010.05,  00037.50,  00022.92, 0.00, 0.00, 0.00, 0.00, 0.00, 0.00, 0.00, 1020.35, 0, 0, 0, 0, 0, 0, -00000.02, -00000.12, -00000.02,  00000.99,  00000.00,  00000.00,  00000.00,  00000.00,  00000.00,  00000.00, 0, 0, 0, 0
6405, -00004.21,  00000.85, -00008.71, -00000.12, -00001.49,  00000.07, -00000.97,  00010.05,  00037.50,  00022.92, 0.00, 0.00, 0.00, 0.00, 0.00, 0.00, 0.00, 1020.35, 0, 0, 0, 0, 0, 0, -00000.04, -00000.18, -00000.01,  00000.98,  00000.00,  00000.00,  00000.00,  00000.00,  00000.00,  00000.00, 0, 0, 0, 0
6505, -00005.98,  00001.00, -00008.34, -00000.07, -00001.38,  00000.11,  00007.28,  00009.15,  00036.90,  00022.92, 0.00, 0.00, 0.00, 0.00, 0.00, 0.00, 0.00, 1020.35, 0, 0, 0, 0, 0, 0, -00000.04, -00000.26, -00000.00,  00000.97,  00000.00,  00000.00,  00000.00,  00000.00,  00000.00,  00000.00, 0, 0, 0, 0
6596, -00006.47,  00000.61, -00007.16,  00000.03, -00001.02,  00000.09,  00012.08,  00008.40,  00035.85,  00022.92, 0.00, 0.00, 0.00, 0.00, 0.00, 0.00, 0.00, 1020.35, 0, 0, 0, 0, 0, 0, -00000.03, -00000.30,  00000.01,  00000.95,  00000.00,  00000.00,  00000.00,  00000.00,  00000.00,  00000.00, 0, 0, 0, 0
6708, -00007.48,  00000.68, -00006.57, -00000.16, -00000.72,  00000.09,  00016.73,  00008.40,  00035.10,  00022.92, 0.00, 0.00, 0.00, 0.00, 0.00, 0.00, 0.00, 1020.35, 0, 0, 0, 0, 0, 0, -00000.03, -00000.34,  00000.01,  00000.94,  00000.00,  00000.00,  00000.00,  00000.00,  00000.00,  00000.00, 0, 0, 0, 0
6809, -00008.05,  00000.92, -00005.20, -00000.14, -00001.05,  00000.02,  00019.58,  00007.65,  00033.45,  00022.92, 0.00, 0.00, 0.00, 0.00, 0.00, 0.00, 0.00, 1020.35, 0, 0, 0, 0, 0, 0, -00000.04, -00000.39,  00000.01,  00000.92,  00000.00,  00000.00,  00000.00,  00000.00,  00000.00,  00000.00, 0, 0, 0, 0
6909, -00008.37,  00001.10, -00004.96,  00000.14, -00000.95, -00000.12,  00024.53,  00007.80,  00031.05,  00022.92, 0.00, 0.00, 0.00, 0.00, 0.00, 0.00, 0.00, 1020.35, 0, 0, 0, 0, 0, 0, -00000.04, -00000.41,  00000.03,  00000.91,  00000.00,  00000.00,  00000.00,  00000.00,  00000.00,  00000.00, 0, 0, 0, 0
7011, -00009.26,  00000.82, -00004.23,  00000.21, -00000.70,  00000.12,  00028.43,  00009.15,  00029.70,  00022.92, 0.00, 0.00, 0.00, 0.00, 0.00, 0.00, 0.00, 1020.35, 0, 0, 0, 0, 0, 0, -00000.02, -00000.46,  00000.05,  00000.89,  00000.00,  00000.00,  00000.00,  00000.00,  00000.00,  00000.00, 0, 0, 0, 0
7112, -00008.90,  00000.60, -00003.09,  00000.19, -00000.45,  00000.29,  00030.23,  00008.55,  00026.55,  00022.92, 0.00, 0.00, 0.00, 0.00, 0.00, 0.00, 0.00, 1020.35, 0, 0, 0, 0, 0, 0, -00000.01, -00000.47,  00000.07,  00000.88,  00000.00,  00000.00,  00000.00,  00000.00,  00000.00,  00000.00, 0, 0, 0, 0
7213, -00009.17,  00000.34, -00003.39,  00000.08, -00000.27,  00000.08,  00029.33,  00008.55,  00026.10,  00022.93, 0.00, 0.00, 0.00, 0.00, 0.00, 0.00, 0.00, 1020.35, 0, 0, 0, 0, 0, 0, -00000.00, -00000.47,  00000.05,  00000.88,  00000.00,  00000.00,  00000.00,  00000.00,  00000.00,  00000.00, 0, 0, 0, 0
7314, -00009.12,  00000.65, -00002.82,  00000.08,  00000.08,  00000.11,  00029.33,  00009.00,  00025.80,  00022.93, 0.00, 0.00, 0.00, 0.00, 0.00, 0.00, 0.00, 1020.35, 0, 0, 0, 0, 0, 0, -00000.01, -00000.47,  00000.06,  00000.88,  00000.00,  00000.00,  00000.00,  00000.00,  00000.00,  00000.00, 0, 0, 0, 0
7425, -00009.14,  00000.86, -00003.01, -00000.04,  00000.16,  00000.00,  00031.43,  00008.55,  00026.85,  00022.94, 0.00, 0.00, 0.00, 0.00, 0.00, 0.00, 0.00, 1020.35, 0, 0, 0, 0, 0, 0, -00000.03, -00000.47,  00000.06,  00000.88,  00000.00,  00000.00,  00000.00,  00000.00,  00000.00,  00000.00, 0, 0, 0, 0
7516, -00009.42,  00000.75, -00003.55, -00000.02,  00000.14,  00000.02,  00029.63,  00009.60,  00025.50,  00022.94, 0.00, 0.00, 0.00, 0.00, 0.00, 0.00, 0.00, 1020.36, 0, 0, 0, 0, 0, 0, -00000.02, -00000.47,  00000.06,  00000.88,  00000.00,  00000.00,  00000.00,  00000.00,  00000.00,  00000.00, 0, 0, 0, 0
7616, -00009.14,  00000.73, -00003.58, -00000.02,  00000.37,  00000.09,  00029.33,  00007.05,  00026.85,  00022.94, 0.00, 0.00, 0.00, 0.00, 0.00, 0.00, 0.00, 1020.36, 0, 0, 0, 0, 0, 0, -00000.03, -00000.46,  00000.05,  00000.89,  00000.00,  00000.00,  00000.00,  00000.00,  00000.00,  00000.00, 0, 0, 0, 0
7717, -00008.57,  00000.92, -00003.77, -00000.04,  00000.74,  00000.03,  00028.43,  00009.15,  00028.65,  00022.94, 0.00, 0.00, 0.00, 0.00, 0.00, 0.00, 0.00, 1020.37, 0, 0, 0, 0, 0, 0, -00000.03, -00000.42,  00000.07,  00000.90,  00000.00,  00000.00,  00000.00,  00000.00,  00000.00,  00000.00, 0, 0, 0, 0
7818, -00007.97,  00000.43, -00004.46, -00000.03,  00000.79,  00000.06,  00024.23,  00009.00,  00029.55,  00022.94, 0.00, 0.00, 0.00, 0.00, 0.00, 0.00, 0.00, 1020.37, 0, 0, 0, 0, 0, 0, -00000.01, -00000.39,  00000.05,  00000.92,  00000.00,  00000.00,  00000.00,  00000.00,  00000.00,  00000.00, 0, 0, 0, 0
7919, -00007.50,  00000.59, -00005.56, -00000.03,  00000.96, -00000.13,  00018.23,  00007.50,  00033.75,  00022.94, 0.00, 0.00, 0.00, 0.00, 0.00, 0.00, 0.00, 1020.38, 0, 0, 0, 0, 0, 0, -00000.03, -00000.34,  00000.02,  00000.94,  00000.00,  00000.00,  00000.00,  00000.00,  00000.00,  00000.00, 0, 0, 0, 0
8020, -00006.50,  00000.93, -00006.73, -00000.20,  00001.55, -00000.18,  00015.53,  00008.40,  00035.85,  00022.96, 0.00, 0.00, 0.00, 0.00, 0.00, 0.00, 0.00, 1020.38, 0, 0, 0, 0, 0, 0, -00000.05, -00000.28,  00000.02,  00000.96,  00000.00,  00000.00,  00000.00,  00000.00,  00000.00,  00000.00, 0, 0, 0, 0
8122, -00005.48,  00001.14, -00006.98, -00000.22,  00001.29, -00000.06,  00007.43,  00008.55,  00037.95,  00022.96, 0.00, 0.00, 0.00, 0.00, 0.00, 0.00, 0.00, 1020.39, 0, 0, 0, 0, 0, 0, -00000.05, -00000.23,  00000.01,  00000.97,  00000.00,  00000.00,  00000.00,  00000.00,  00000.00,  00000.00, 0, 0, 0, 0
8222, -00004.87,  00000.58, -00008.37, -00000.32,  00000.93, -00000.25,  00004.13,  00008.10,  00036.90,  00022.97, 0.00, 0.00, 0.00, 0.00, 0.00, 0.00, 0.00, 1020.39, 0, 0, 0, 0, 0, 0, -00000.03, -00000.20, -00000.02,  00000.98,  00000.00,  00000.00,  00000.00,  00000.00,  00000.00,  00000.00, 0, 0, 0, 0
8324, -00003.69,  00001.14, -00008.36,  00000.12,  00001.18, -00000.11, -00000.07,  00007.50,  00037.50,  00022.97, 0.00, 0.00, 0.00, 0.00, 0.00, 0.00, 0.00, 1020.40, 0, 0, 0, 0, 0, 0, -00000.05, -00000.14, -00000.01,  00000.99,  00000.00,  00000.00,  00000.00,  00000.00,  00000.00,  00000.00, 0, 0, 0, 0
8424, -00003.25,  00000.85, -00009.83,  00000.08,  00001.02, -00000.10, -00005.17,  00008.10,  00038.40,  00022.97, 0.00, 0.00, 0.00, 0.00, 0.00, 0.00, 0.00, 1020.40, 0, 0, 0, 0, 0, 0, -00000.04, -00000.12, -00000.02,  00000.99,  00000.00,  00000.00,  00000.00,  00000.00,  00000.00,  00000.00, 0, 0, 0, 0
8526, -00002.65,  00000.74, -00009.75,  00000.13,  00000.90, -00000.11, -00007.73,  00009.00,  00034.80,  00022.97, 0.00, 0.00, 0.00, 0.00, 0.00, 0.00, 0.00, 1020.40, 0, 0, 0, 0, 0, 0, -00000.03, -00000.09, -00000.03,  00001.00,  00000.00,  00000.00,  00000.00,  00000.00,  00000.00,  00000.00, 0, 0, 0, 0
8627, -00001.76,  00000.94, -00009.70,  00000.04,  00000.35, -00000.11, -00012.52,  00008.55,  00034.05,  00022.97, 0.00, 0.00, 0.00, 0.00, 0.00, 0.00, 0.00, 1020.40, 0, 0, 0, 0, 0, 0, -00000.04, -00000.05, -00000.03,  00001.00,  00000.00,  00000.00,  00000.00,  00000.00,  00000.00,  00000.00, 0, 0, 0, 0
8728, -00001.38,  00000.45, -00009.81,  00000.18,  00000.60, -00000.21, -00014.33,  00008.85,  00035.10,  00022.97, 0.00, 0.00, 0.00, 0.00, 0.00, 0.00, 0.00, 1020.40, 0, 0, 0, 0, 0, 0, -00000.02, -00000.04, -00000.04,  00001.00,  00000.00,  00000.00,  00000.00,  00000.00,  00000.00,  00000.00, 0, 0, 0, 0
8829, -00000.23, -00000.68, -00010.49,  00000.27,  00000.92,  00000.05, -00015.23,  00011.10,  00032.40,  00022.97, 0.00, 0.00, 0.00, 0.00, 0.00, 0.00, 0.00, 1020.40, 0, 0, 0, 0, 0, 0,  00000.02,  00000.01, -00000.03,  00001.00,  00000.00,  00000.00,  00000.00,  00000.00,  00000.00,  00000.00, 0, 0, 0, 0
8930, -00000.22,  00000.17, -00009.89, -00000.04,  00000.20, -00000.02, -00017.33,  00011.55,  00032.25,  00022.97, 0.00, 0.00, 0.00, 0.00, 0.00, 0.00, 0.00, 1020.40, 0, 0, 0, 0, 0, 0, -00000.01,  00000.01, -00000.03,  00001.00,  00000.00,  00000.00,  00000.00,  00000.00,  00000.00,  00000.00, 0, 0, 0, 0
9031,  00000.15,  00000.28, -00009.91,  00000.03,  00000.03, -00000.04, -00019.73,  00012.00,  00031.50,  00022.96, 0.00, 0.00, 0.00, 0.00, 0.00, 0.00, 0.00, 1020.40, 0, 0, 0, 0, 0, 0, -00000.01,  00000.03, -00000.03,  00001.00,  00000.00,  00000.00,  00000.00,  00000.00,  00000.00,  00000.00, 0, 0, 0, 0
9131,  00000.06,  00000.23, -00009.64,  00000.27,  00000.08, -00000.15, -00018.98,  00010.50,  00031.05,  00022.96, 0.00, 0.00, 0.00, 0.00, 0.00, 0.00, 0.00, 1020.40, 0, 0, 0, 0, 0, 0, -00000.01,  00000.02, -00000.04,  00001.00,  00000.00,  00000.00,  00000.00,  00000.00,  00000.00,  00000.00, 0, 0, 0, 0
9233,  00000.14, -00000.08, -00009.73, -00000.24, -00000.04, -00000.01, -00018.23,  00010.80,  00030.60,  00022.96, 0.00, 0.00, 0.00, 0.00, 0.00, 0.00, 0.00, 1020.40, 0, 0, 0, 0, 0, 0, -00000.00,  00000.02, -00000.03,  00001.00,  00000.00,  00000.00,  00000.00,  00000.00,  00000.00,  00000.00, 0, 0, 0, 0
9334,  00000.02, -00000.01, -00009.74,  00000.06,  00000.06,  00000.00, -00017.63,  00009.60,  00033.45,  00022.96, 0.00, 0.00, 0.00, 0.00, 0.00, 0.00, 0.00, 1020.40, 0, 0, 0, 0, 0, 0, -00000.01,  00000.02, -00000.04,  00001.00,  00000.00,  00000.00,  00000.00,  00000.00,  00000.00,  00000.00, 0, 0, 0, 0
9434,  00000.00,  00000.09, -00009.86, -00000.01,  00000.03,  00000.01, -00018.23,  00010.80,  00031.50,  00022.97, 0.00, 0.00, 0.00, 0.00, 0.00, 0.00, 0.00, 1020.40, 0, 0, 0, 0, 0, 0, -00000.00,  00000.02, -00000.03,  00001.00,  00000.00,  00000.00,  00000.00,  00000.00,  00000.00,  00000.00, 0, 0, 0, 0
9536,  00000.01,  00000.07, -00009.82, -00000.02,  00000.01,  00000.01, -00017.02,  00011.25,  00032.55,  00022.97, 0.00, 0.00, 0.00, 0.00, 0.00, 0.00, 0.00, 1020.40, 0, 0, 0, 0, 0, 0, -00000.00,  00000.02, -00000.03,  00001.00,  00000.00,  00000.00,  00000.00,  00000.00,  00000.00,  00000.00, 0, 0, 0, 0
9636, -00000.02, -00000.02, -00009.87, -00000.03,  00000.01, -00000.04, -00017.63,  00012.15,  00033.15,  00022.97, 0.00, 0.00, 0.00, 0.00, 0.00, 0.00, 0.00, 1020.40, 0, 0, 0, 0, 0, 0,  00000.00,  00000.02, -00000.03,  00001.00,  00000.00,  00000.00,  00000.00,  00000.00,  00000.00,  00000.00, 0, 0, 0, 0
9737,  00000.14,  00000.16, -00009.92,  00000.01, -00000.02,  00000.03, -00017.63,  00010.65,  00032.70,  00022.97, 0.00, 0.00, 0.00, 0.00, 0.00, 0.00, 0.00, 1020.40, 0, 0, 0, 0, 0, 0, -00000.01,  00000.02, -00000.03,  00001.00,  00000.00,  00000.00,  00000.00,  00000.00,  00000.00,  00000.00, 0, 0, 0, 0
9838,  00000.05,  00000.04, -00009.83, -00000.02, -00000.03, -00000.04, -00018.82,  00011.40,  00032.40,  00022.96, 0.00, 0.00, 0.00, 0.00, 0.00, 0.00, 0.00, 1020.40, 0, 0, 0, 0, 0, 0, -00000.00,  00000.02, -00000.03,  00001.00,  00000.00,  00000.00,  00000.00,  00000.00,  00000.00,  00000.00, 0, 0, 0, 0
9939,  00000.04,  00000.11, -00009.78, -00000.01, -00000.04,  00000.01, -00018.23,  00010.80,  00031.80,  00022.96, 0.00, 0.00, 0.00, 0.00, 0.00, 0.00, 0.00, 1020.40, 0, 0, 0, 0, 0, 0, -00000.01,  00000.02, -00000.03,  00001.00,  00000.00,  00000.00,  00000.00,  00000.00,  00000.00,  00000.00, 0, 0, 0, 0
10040,  00000.13,  00000.15, -00009.86, -00000.01,  00000.02,  00000.04, -00017.17,  00011.40,  00031.20,  00022.96, 0.00, 0.00, 0.00, 0.00, 0.00, 0.00, 0.00, 1020.40, 0, 0, 0, 0, 0, 0, -00000.01,  00000.02, -00000.02,  00001.00,  00000.00,  00000.00,  00000.00,  00000.00,  00000.00,  00000.00, 0, 0, 0, 0
10142,  00000.03,  00000.02, -00009.80,  00000.04,  00000.02, -00000.01, -00018.23,  00010.80,  00033.00,  00022.96, 0.00, 0.00, 0.00, 0.00, 0.00, 0.00, 0.00, 1020.40, 0, 0, 0, 0, 0, 0, -00000.00,  00000.02, -00000.03,  00001.00,  00000.00,  00000.00,  00000.00,  00000.00,  00000.00,  00000.00, 0, 0, 0, 0
10242,  00000.02,  00000.05, -00009.84,  00000.02, -00000.01, -00000.02, -00018.98,  00009.75,  00032.25,  00022.97, 0.00, 0.00, 0.00, 0.00, 0.00, 0.00, 0.00, 1020.40, 0, 0, 0, 0, 0, 0, -00000.01,  00000.02, -00000.04,  00001.00,  00000.00,  00000.00,  00000.00,  00000.00,  00000.00,  00000.00, 0, 0, 0, 0
10344,  00000.00, -00000.03, -00009.83,  00000.01,  00000.00, -00000.05, -00019.13,  00011.10,  00031.95,  00022.97, 0.00, 0.00, 0.00, 0.00, 0.00, 0.00, 0.00, 1020.40, 0, 0, 0, 0, 0, 0,  00000.00,  00000.02, -00000.04,  00001.00,  00000.00,  00000.00,  00000.00,  00000.00,  00000.00,  00000.00, 0, 0, 0, 0
10444, -00000.01,  00000.17, -00009.83, -00000.00, -00000.04,  00000.03, -00017.92,  00012.15,  00030.90,  00022.97, 0.00, 0.00, 0.00, 0.00, 0.00, 0.00, 0.00, 1020.40, 0, 0, 0, 0, 0, 0, -00000.00,  00000.02, -00000.03,  00001.00,  00000.00,  00000.00,  00000.00,  00000.00,  00000.00,  00000.00, 0, 0, 0, 0
10546,  00000.00,  00000.03, -00009.83,  00000.01,  00000.04,  00000.00, -00018.98,  00011.55,  00033.00,  00022.97, 0.00, 0.00, 0.00, 0.00, 0.00, 0.00, 0.00, 1020.40, 0, 0, 0, 0, 0, 0, -00000.00,  00000.02, -00000.03,  00001.00,  00000.00,  00000.00,  00000.00,  00000.00,  00000.00,  00000.00, 0, 0, 0, 0
10647, -00000.04,  00000.04, -00009.85, -00000.03,  00000.04,  00000.04, -00018.23,  00012.00,  00033.00,  00022.97, 0.00, 0.00, 0.00, 0.00, 0.00, 0.00, 0.00, 1020.40, 0, 0, 0, 0, 0, 0, -00000.00,  00000.02, -00000.03,  00001.00,  00000.00,  00000.00,  00000.00,  00000.00,  00000.00,  00000.00, 0, 0, 0, 0
10748,  00000.00,  00000.09, -00009.76,  00000.01,  00000.02, -00000.01, -00018.23,  00011.55,  00031.80,  00022.97, 0.00, 0.00, 0.00, 0.00, 0.00, 0.00, 0.00, 1020.40, 0, 0, 0, 0, 0, 0, -00000.00,  00000.02, -00000.03,  00001.00,  00000.00,  00000.00,  00000.00,  00000.00,  00000.00,  00000.00, 0, 0, 0, 0
10849,  00000.04,  00000.03, -00009.92, -00000.01, -00000.02,  00000.00, -00018.23,  00010.05,  00032.25,  00022.96, 0.00, 0.00, 0.00, 0.00, 0.00, 0.00, 0.00, 1020.40, 0, 0, 0, 0, 0, 0, -00000.01,  00000.02, -00000.04,  00001.00,  00000.00,  00000.00,  00000.00,  00000.00,  00000.00,  00000.00, 0, 0, 0, 0
10939,  00000.01,  00000.10, -00009.88,  00000.01, -00000.00,  00000.02, -00018.98,  00011.55,  00032.25,  00022.96, 0.00, 0.00, 0.00, 0.00, 0.00, 0.00, 0.00, 1020.40, 0, 0, 0, 0, 0, 0, -00000.00,  00000.02, -00000.03,  00001.00,  00000.00,  00000.00,  00000.00,  00000.00,  00000.00,  00000.00, 0, 0, 0, 0
11051,  00000.03,  00000.00, -00009.83, -00000.01,  00000.03, -00000.02, -00018.52,  00011.55,  00033.00,  00022.97, 0.00, 0.00, 0.00, 0.00, 0.00, 0.00, 0.00, 1020.40, 0, 0, 0, 0, 0, 0, -00000.00,  00000.02, -00000.03,  00001.00,  00000.00,  00000.00,  00000.00,  00000.00,  00000.00,  00000.00, 0, 0, 0, 0
11152,  00000.02,  00000.13, -00009.86,  00000.00,  00000.02,  00000.04, -00017.92,  00010.35,  00032.40,  00022.97, 0.00, 0.00, 0.00, 0.00, 0.00, 0.00, 0.00, 1020.40, 0, 0, 0, 0, 0, 0, -00000.01,  00000.02, -00000.03,  00001.00,  00000.00,  00000.00,  00000.00,  00000.00,  00000.00,  00000.00, 0, 0, 0, 0
11253,  00000.08,  00000.17, -00009.86, -00000.02, -00000.02, -00000.01, -00017.17,  00011.10,  00032.70,  00022.97, 0.00, 0.00, 0.00, 0.00, 0.00, 0.00, 0.00, 1020.40, 0, 0, 0, 0, 0, 0, -00000.01,  00000.02, -00000.03,  00001.00,  00000.00,  00000.00,  00000.00,  00000.00,  00000.00,  00000.00, 0, 0, 0, 0
11354, -00000.03,  00000.11, -00009.86,  00000.02, -00000.03, -00000.01, -00017.92,  00011.40,  00033.45,  00022.97, 0.00, 0.00, 0.00, 0.00, 0.00, 0.00, 0.00, 1020.40, 0, 0, 0, 0, 0, 0, -00000.00,  00000.01, -00000.03,  00001.00,  00000.00,  00000.00,  00000.00,  00000.00,  00000.00,  00000.00, 0, 0, 0, 0
11454,  00000.08,  00000.05, -00009.84,  00000.03,  00000.05,  00000.00, -00018.52,  00012.75,  00033.30,  00022.97, 0.00, 0.00, 0.00, 0.00, 0.00, 0.00, 0.00, 1020.40, 0, 0, 0, 0, 0, 0,  00000.00,  00000.02, -00000.03,  00001.00,  00000.00,  00000.00,  00000.00,  00000.00,  00000.00,  00000.00, 0, 0, 0, 0
11556,  00000.11,  00000.04, -00009.88, -00000.00, -00000.05, -00000.00, -00017.77,  00011.55,  00031.80,  00022.97, 0.00, 0.00, 0.00, 0.00, 0.00, 0.00, 0.00, 1020.40, 0, 0, 0, 0, 0, 0, -00000.00,  00000.02, -00000.03,  00001.00,  00000.00,  00000.00,  00000.00,  00000.00,  00000.00,  00000.00, 0, 0, 0, 0
11657,  00000.04,  00000.16, -00009.70, -00000.00,  00000.03,  00000.02, -00018.38,  00011.85,  00031.65,  00022.97, 0.00, 0.00, 0.00, 0.00, 0.00, 0.00, 0.00, 1020.40, 0, 0, 0, 0, 0, 0, -00000.00,  00000.02, -00000.03,  00001.00,  00000.00,  00000.00,  00000.00,  00000.00,  00000.00,  00000.00, 0, 0, 0, 0
11757, -00000.08,  00000.01, -00009.83,  00000.01, -00000.00, -00000.00, -00018.23,  00010.80,  00032.25,  00022.97, 0.00, 0.00, 0.00, 0.00, 0.00, 0.00, 0.00, 1020.40, 0, 0, 0, 0, 0, 0, -00000.00,  00000.01, -00000.03,  00001.00,  00000.00,  00000.00,  00000.00,  00000.00,  00000.00,  00000.00, 0, 0, 0, 0
11857, -00000.14,  00000.07, -00009.86, -00000.00,  00000.03, -00000.02, -00017.92,  00012.90,  00033.15,  00022.97, 0.00, 0.00, 0.00, 0.00, 0.00, 0.00, 0.00, 1020.40, 0, 0, 0, 0, 0, 0,  00000.00,  00000.01, -00000.03,  00001.00,  00000.00,  00000.00,  00000.00,  00000.00,  00000.00,  00000.00, 0, 0, 0, 0
11959,  00000.05,  00000.05, -00009.93, -00000.00, -00000.02, -00000.02, -00017.77,  00012.00,  00032.25,  00022.97, 0.00, 0.00, 0.00, 0.00, 0.00, 0.00, 0.00, 1020.40, 0, 0, 0, 0, 0, 0, -00000.00,  00000.02, -00000.03,  00001.00,  00000.00,  00000.00,  00000.00,  00000.00,  00000.00,  00000.00, 0, 0, 0, 0
