================================ Starting Log =================================
Current Time: 2015-10-18 0:0:1.400
Time (ms), Scaled. Acc x (mg), Scaled. Acc y (mg), Scaled. Acc z (mg), Gyr (DPS) x, Gyr (DPS) y, Gyr (DPS) z, Mag (uT) x, Mag (uT) y, Mag (uT) z, Tmp (C), Lat, Lon, Alt (mm), Speed (mm/s), Heading (degrees * 10^-5), pDOP, SIV, Pressure (hPa), Reciever Throttle Val (0-180), Reciever Aileron Servo (deg), Reciever Elevator Servo (deg), Reciever Rudder Servo (deg), Auto Mode (deg), Aux ModeN, E, D, u, v, w, q1, q2, q3, q4, Servo Throttle Val (0-180), Servo Aileron Servo (deg), Servo Elevator Servo (deg), Servo Rudder Servo (deg), 
4737,  00030.27,  00081.05,  01018.55,  00000.47,  00000.37, -00002.82, -00019.95, -00037.80,  00061.50,  00021.13, 0, 0, 0, 0, 0, 99.99, 0, stuff, 0.00, 90.00, 94.50, 90.00, 0, 2, 10.00, 10.00, 10.00, 10.00, 10.00, 10.00, 10.00, 10.00, 10.00, 10.00, 0.00, 90.00, 94.50, 90.00
4763,  00026.86,  00070.80,  01020.51, -00000.03, -00002.50,  00000.18, -00019.80, -00038.40,  00062.40,  00021.13, 0, 0, 0, 0, 0, 99.99, 0, stuff, 0.00, 90.00, 94.50, 90.00, 0, 2, 10.00, 10.00, 10.00, 10.00, 10.00, 10.00, 10.00, 10.00, 10.00, 10.00, 0.00, 90.00, 94.50, 90.00
4803,  00019.53,  00078.61,  01025.88,  00003.53,  00003.38,  00000.21, -00021.60, -00039.30,  00061.50,  00020.94, 0, 0, 0, 0, 0, 99.99, 0, stuff, 0.00, 90.00, 94.50, 90.00, 0, 2, 10.00, 10.00, 10.00, 10.00, 10.00, 10.00, 10.00, 10.00, 10.00, 10.00, 0.00, 90.00, 94.50, 90.00
4849,  00020.02,  00093.75,  01002.93,  00002.12,  00001.46, -00001.23, -00020.70, -00038.55,  00059.85,  00020.94, 0, 0, 0, 0, 0, 99.99, 0, stuff, 0.00, 90.00, 94.50, 90.00, 0, 2, 10.00, 10.00, 10.00, 10.00, 10.00, 10.00, 10.00, 10.00, 10.00, 10.00, 0.00, 90.00, 94.50, 90.00
4883,  00020.02,  00081.54,  00999.51, -00000.75,  00000.99,  00001.57, -00021.30, -00038.40,  00061.20,  00021.03, 0, 0, 0, 0, 0, 99.99, 0, stuff, 0.00, 90.00, 94.50, 90.00, 0, 2, 10.00, 10.00, 10.00, 10.00, 10.00, 10.00, 10.00, 10.00, 10.00, 10.00, 0.00, 90.00, 94.50, 90.00
4923,  00020.02,  00064.45,  01018.55, -00002.42, -00001.29, -00000.40, -00019.95, -00038.25,  00062.25,  00021.03, 0, 0, 0, 0, 0, 99.99, 0, stuff, 0.00, 90.00, 94.50, 90.00, 0, 2, 10.00, 10.00, 10.00, 10.00, 10.00, 10.00, 10.00, 10.00, 10.00, 10.00, 0.00, 90.00, 94.50, 90.00
4963,  00016.11,  00088.87,  01007.81,  00000.79,  00000.41,  00001.47, -00020.10, -00038.40,  00061.65,  00020.94, 0, 0, 0, 0, 0, 99.99, 0, stuff, 1.80, 90.00, 94.50, 90.90, 0, 2, 10.00, 10.00, 10.00, 10.00, 10.00, 10.00, 10.00, 10.00, 10.00, 10.00, 1.80, 90.00, 94.50, 90.90
5003,  00022.95,  00069.82,  01020.02,  00000.98,  00003.66, -00000.37, -00020.70, -00037.80,  00061.05,  00020.79, 0, 0, 0, 0, 0, 99.99, 0, stuff, 0.00, 90.00, 94.50, 90.00, 0, 2, 10.00, 10.00, 10.00, 10.00, 10.00, 10.00, 10.00, 10.00, 10.00, 10.00, 0.00, 90.00, 94.50, 90.00
5048,  00011.72,  00072.27,  01010.74,  00001.50,  00001.57, -00000.76, -00021.15, -00038.55,  00062.55,  00020.84, 0, 0, 0, 0, 0, 99.99, 0, stuff, 0.00, 90.00, 94.50, 90.00, 0, 2, 10.00, 10.00, 10.00, 10.00, 10.00, 10.00, 10.00, 10.00, 10.00, 10.00, 0.00, 90.00, 94.50, 90.00
5083,  00025.88,  00084.47,  01007.81, -00000.31,  00000.26,  00000.61, -00019.50, -00038.55,  00061.80,  00021.18, 0, 0, 0, 0, 0, 99.99, 0, stuff, 0.00, 90.00, 94.50, 90.00, 0, 2, 10.00, 10.00, 10.00, 10.00, 10.00, 10.00, 10.00, 10.00, 10.00, 10.00, 0.00, 90.00, 94.50, 90.00
5123,  00006.35,  00083.50,  01009.28,  00000.40,  00001.73,  00003.32, -00021.00, -00038.70,  00060.90,  00020.94, 0, 0, 0, 0, 0, 99.99, 0, stuff, 0.00, 90.90, 94.50, 90.00, 1, 2, 10.00, 10.00, 10.00, 10.00, 10.00, 10.00, 10.00, 10.00, 10.00, 10.00, 0.00, 90.00, 90.00, 90.00
5164,  00027.34,  00079.10,  01017.09, -00001.57,  00000.79,  00002.68, -00019.35, -00038.70,  00060.45,  00021.22, 0, 0, 0, 0, 0, 99.99, 0, stuff, 0.00, 90.00, 94.50, 90.00, 0, 2, 10.00, 10.00, 10.00, 10.00, 10.00, 10.00, 10.00, 10.00, 10.00, 10.00, 0.00, 90.00, 94.50, 90.00
5203,  00014.65,  00084.96,  01018.07,  00000.03,  00001.24,  00001.18, -00019.50, -00038.25,  00061.50,  00020.94, 0, 0, 0, 0, 0, 99.99, 0, stuff, 0.00, 89.10, 94.50, 90.00, 0, 2, 10.00, 10.00, 10.00, 10.00, 10.00, 10.00, 10.00, 10.00, 10.00, 10.00, 0.00, 89.10, 94.50, 90.00
5250,  00018.55,  00076.66,  01021.97, -00001.10,  00000.26, -00002.92, -00019.80, -00038.40,  00063.15,  00020.99, 0, 0, 0, 0, 0, 99.99, 0, stuff, 0.00, 88.20, 91.80, 90.00, 0, 2, 10.00, 10.00, 10.00, 10.00, 10.00, 10.00, 10.00, 10.00, 10.00, 10.00, 0.00, 88.20, 91.80, 90.00
5283,  00020.51,  00075.68,  01014.16,  00000.67,  00002.29,  00001.19, -00020.55, -00037.95,  00060.45,  00021.03, 0, 0, 0, 0, 0, 99.99, 0, stuff, 0.00, 90.00, 94.50, 90.00, 0, 2, 10.00, 10.00, 10.00, 10.00, 10.00, 10.00, 10.00, 10.00, 10.00, 10.00, 0.00, 90.00, 94.50, 90.00
5329,  00011.72,  00083.01,  01014.65, -00001.09,  00001.38, -00000.98, -00020.55, -00037.95,  00061.95,  00020.84, 0, 0, 0, 0, 0, 99.99, 0, stuff, 0.00, 90.00, 94.50, 90.00, 0, 2, 10.00, 10.00, 10.00, 10.00, 10.00, 10.00, 10.00, 10.00, 10.00, 10.00, 0.00, 90.00, 94.50, 90.00
5363,  00014.65,  00088.87,  01005.37, -00001.76,  00000.45,  00002.50, -00021.00, -00037.20,  00060.90,  00021.18, 0, 0, 0, 0, 0, 99.99, 0, stuff, 0.00, 90.00, 94.50, 90.00, 0, 2, 10.00, 10.00, 10.00, 10.00, 10.00, 10.00, 10.00, 10.00, 10.00, 10.00, 0.00, 90.00, 94.50, 90.00
5403,  00013.18,  00074.71,  01025.88, -00001.02,  00001.23, -00000.86, -00020.55, -00039.90,  00061.20,  00021.13, 0, 0, 0, 0, 0, 99.99, 0, stuff, 0.00, 90.00, 94.50, 90.00, 0, 2, 10.00, 10.00, 10.00, 10.00, 10.00, 10.00, 10.00, 10.00, 10.00, 10.00, 0.00, 90.00, 94.50, 90.00
5443,  00018.55,  00066.89,  01016.11,  00000.92,  00001.24, -00001.47, -00021.00, -00037.95,  00061.95,  00021.18, 0, 0, 0, 0, 0, 99.99, 0, stuff, 0.90, 90.00, 94.50, 90.90, 0, 2, 10.00, 10.00, 10.00, 10.00, 10.00, 10.00, 10.00, 10.00, 10.00, 10.00, 0.90, 90.00, 94.50, 90.90
5483,  00025.39,  00087.89,  01013.18,  00001.11,  00001.08, -00001.51, -00021.15, -00039.75,  00061.50,  00020.94, 0, 0, 0, 0, 0, 99.99, 0, stuff, 0.00, 90.00, 94.50, 90.00, 0, 2, 10.00, 10.00, 10.00, 10.00, 10.00, 10.00, 10.00, 10.00, 10.00, 10.00, 0.00, 90.00, 94.50, 90.00
5523,  00018.07,  00082.52,  00999.51, -00001.54,  00000.07,  00000.73, -00020.10, -00037.65,  00060.45,  00021.03, 0, 0, 0, 0, 0, 99.99, 0, stuff, 0.90, 90.00, 94.50, 90.90, 0, 2, 10.00, 10.00, 10.00, 10.00, 10.00, 10.00, 10.00, 10.00, 10.00, 10.00, 0.90, 90.00, 94.50, 90.90
5563,  00010.74,  00083.98,  01010.25,  00001.60,  00002.75,  00002.40, -00019.35, -00038.70,  00062.40,  00020.94, 0, 0, 0, 0, 0, 99.99, 0, stuff, 0.00, 90.00, 94.50, 90.00, 0, 2, 10.00, 10.00, 10.00, 10.00, 10.00, 10.00, 10.00, 10.00, 10.00, 10.00, 0.00, 90.00, 94.50, 90.00
5603,  00008.79,  00083.01,  01009.28, -00001.76,  00000.98,  00001.44, -00022.35, -00038.25,  00061.80,  00020.99, 0, 0, 0, 0, 0, 99.99, 0, stuff, 0.00, 90.00, 94.50, 90.00, 0, 2, 10.00, 10.00, 10.00, 10.00, 10.00, 10.00, 10.00, 10.00, 10.00, 10.00, 0.00, 90.00, 94.50, 90.00
5649,  00021.48,  00083.01,  01018.55,  00000.53,  00001.66,  00001.95, -00019.80, -00039.90,  00061.65,  00020.79, 0, 0, 0, 0, 0, 99.99, 0, stuff, 0.00, 90.00, 94.50, 90.00, 0, 2, 10.00, 10.00, 10.00, 10.00, 10.00, 10.00, 10.00, 10.00, 10.00, 10.00, 0.00, 90.00, 94.50, 90.00
5683,  00021.00,  00080.57,  01019.04, -00000.44,  00000.55, -00000.74, -00019.50, -00037.80,  00061.50,  00021.03, 0, 0, 0, 0, 0, 99.99, 0, stuff, 0.00, 81.00, 90.00, 90.00, 0, 2, 10.00, 10.00, 10.00, 10.00, 10.00, 10.00, 10.00, 10.00, 10.00, 10.00, 0.00, 81.00, 90.00, 90.00
5723,  00015.62,  00084.47,  01006.84, -00000.98,  00001.45, -00001.30, -00020.10, -00039.15,  00061.95,  00020.94, 0, 0, 0, 0, 0, 99.99, 0, stuff, 0.00, 71.10, 81.90, 90.00, 0, 2, 10.00, 10.00, 10.00, 10.00, 10.00, 10.00, 10.00, 10.00, 10.00, 10.00, 0.00, 71.10, 81.90, 90.00
5763,  00015.62,  00078.12,  01017.09, -00000.63, -00001.05,  00000.65, -00021.15, -00037.05,  00061.50,  00020.70, 0, 0, 0, 0, 0, 99.99, 0, stuff, 0.00, 51.30, 69.30, 90.00, 0, 2, 10.00, 10.00, 10.00, 10.00, 10.00, 10.00, 10.00, 10.00, 10.00, 10.00, 0.00, 51.30, 69.30, 90.00
5804,  00032.71,  00095.70,  01029.79,  00000.84,  00003.42, -00000.19, -00020.70, -00039.00,  00062.25,  00020.84, 0, 0, 0, 0, 0, 99.99, 0, stuff, 0.00, 36.00, 54.90, 90.00, 0, 2, 10.00, 10.00, 10.00, 10.00, 10.00, 10.00, 10.00, 10.00, 10.00, 10.00, 0.00, 36.00, 54.90, 90.00
5850,  00008.30,  00078.61,  00989.26,  00002.46,  00000.61, -00000.40, -00020.40, -00039.00,  00062.55,  00020.70, 0, 0, 0, 0, 0, 99.99, 0, stuff, 0.90, 36.00, 51.30, 90.00, 0, 2, 10.00, 10.00, 10.00, 10.00, 10.00, 10.00, 10.00, 10.00, 10.00, 10.00, 0.90, 36.00, 51.30, 90.00
5883,  00019.53,  00077.64,  01000.49,  00000.30,  00002.40,  00004.22, -00021.30, -00038.70,  00061.20,  00020.70, 0, 0, 0, 0, 0, 99.99, 0, stuff, 0.00, 36.00, 49.50, 90.00, 0, 2, 10.00, 10.00, 10.00, 10.00, 10.00, 10.00, 10.00, 10.00, 10.00, 10.00, 0.00, 36.00, 49.50, 90.00
5923,  00017.09,  00089.36,  01000.98,  00000.63,  00000.24,  00000.55, -00020.70, -00037.05,  00062.55,  00020.94, 0, 0, 0, 0, 0, 99.99, 0, stuff, 0.00, 36.90, 50.40, 90.00, 0, 2, 10.00, 10.00, 10.00, 10.00, 10.00, 10.00, 10.00, 10.00, 10.00, 10.00, 0.00, 36.90, 50.40, 90.00
5963,  00015.14,  00079.59,  00998.54, -00001.57,  00001.18,  00000.31, -00021.30, -00038.40,  00061.65,  00021.13, 0, 0, 0, 0, 0, 99.99, 0, stuff, 0.90, 36.00, 50.40, 90.90, 0, 2, 10.00, 10.00, 10.00, 10.00, 10.00, 10.00, 10.00, 10.00, 10.00, 10.00, 0.90, 36.00, 50.40, 90.90
6003,  00017.09,  00083.50,  01002.44, -00004.84,  00000.51,  00002.23, -00020.10, -00038.70,  00062.40,  00021.13, 0, 0, 0, 0, 0, 99.99, 0, stuff, 0.00, 36.00, 49.50, 90.00, 0, 2, 10.00, 10.00, 10.00, 10.00, 10.00, 10.00, 10.00, 10.00, 10.00, 10.00, 0.00, 36.00, 49.50, 90.00
6048,  00024.41,  00072.27,  01032.23, -00000.34,  00002.44, -00000.21, -00020.55, -00038.40,  00062.40,  00021.03, 0, 0, 0, 0, 0, 99.99, 0, stuff, 0.00, 36.90, 50.40, 90.00, 0, 2, 10.00, 10.00, 10.00, 10.00, 10.00, 10.00, 10.00, 10.00, 10.00, 10.00, 0.00, 36.90, 50.40, 90.00
6083,  00014.65,  00077.64,  01033.20, -00003.34,  00001.49,  00002.60, -00020.40, -00038.25,  00062.55,  00020.99, 0, 0, 0, 0, 0, 99.99, 0, stuff, 0.00, 36.00, 49.50, 90.00, 0, 2, 10.00, 10.00, 10.00, 10.00, 10.00, 10.00, 10.00, 10.00, 10.00, 10.00, 0.00, 36.00, 49.50, 90.00
6129,  00017.09,  00068.36,  01005.37,  00002.81,  00004.83,  00000.42, -00021.00, -00037.20,  00062.70,  00020.70, 0, 0, 0, 0, 0, 99.99, 0, stuff, 0.00, 36.00, 49.50, 90.00, 0, 2, 10.00, 10.00, 10.00, 10.00, 10.00, 10.00, 10.00, 10.00, 10.00, 10.00, 0.00, 36.00, 49.50, 90.00
6163,  00015.14,  00087.40,  01016.11,  00003.09,  00003.60,  00000.65, -00019.35, -00038.70,  00061.95,  00021.18, 0, 0, 0, 0, 0, 99.99, 0, stuff, 0.00, 36.00, 50.40, 90.00, 0, 2, 10.00, 10.00, 10.00, 10.00, 10.00, 10.00, 10.00, 10.00, 10.00, 10.00, 0.00, 36.00, 50.40, 90.00
6203,  00020.51,  00091.80,  00997.56,  00002.38,  00002.85,  00001.43, -00020.10, -00039.45,  00061.65,  00021.13, 0, 0, 0, 0, 0, 99.99, 0, stuff, 0.00, 36.00, 49.50, 90.00, 0, 2, 10.00, 10.00, 10.00, 10.00, 10.00, 10.00, 10.00, 10.00, 10.00, 10.00, 0.00, 36.00, 49.50, 90.00
6248,  00021.97,  00074.22,  01009.28, -00000.10,  00000.57,  00000.79, -00019.95, -00038.55,  00061.50,  00021.03, 0, 0, 0, 0, 0, 99.99, 0, stuff, 0.00, 36.90, 50.40, 90.00, 0, 2, 10.00, 10.00, 10.00, 10.00, 10.00, 10.00, 10.00, 10.00, 10.00, 10.00, 0.00, 36.90, 50.40, 90.00
6283,  00006.84,  00077.15,  01017.58,  00000.63,  00002.76, -00000.03, -00019.80, -00039.45,  00061.95,  00021.13, 0, 0, 0, 0, 0, 99.99, 0, stuff, 0.00, 45.90, 50.40, 90.00, 0, 2, 10.00, 10.00, 10.00, 10.00, 10.00, 10.00, 10.00, 10.00, 10.00, 10.00, 0.00, 45.90, 50.40, 90.00
6323,  00019.53,  00076.66,  01001.46,  00000.29,  00001.97, -00000.69, -00018.60, -00038.40,  00061.95,  00021.13, 0, 0, 0, 0, 0, 99.99, 0, stuff, 0.00, 90.00, 49.50, 90.00, 0, 2, 10.00, 10.00, 10.00, 10.00, 10.00, 10.00, 10.00, 10.00, 10.00, 10.00, 0.00, 90.00, 49.50, 90.00
6363,  00010.74,  00085.94,  00993.16, -00001.39, -00000.61,  00001.52, -00019.50, -00038.25,  00060.75,  00020.70, 0, 0, 0, 0, 0, 99.99, 0, stuff, 0.00, 110.70, 50.40, 90.00, 0, 2, 10.00, 10.00, 10.00, 10.00, 10.00, 10.00, 10.00, 10.00, 10.00, 10.00, 0.00, 110.70, 50.40, 90.00
6403,  00024.41,  00089.84,  01026.37, -00003.27, -00000.37,  00003.75, -00020.10, -00038.70,  00061.65,  00021.03, 0, 0, 0, 0, 0, 99.99, 0, stuff, 0.00, 119.70, 50.40, 90.00, 0, 2, 10.00, 10.00, 10.00, 10.00, 10.00, 10.00, 10.00, 10.00, 10.00, 10.00, 0.00, 119.70, 50.40, 90.00
6450,  00017.58,  00088.38,  01009.77,  00000.80,  00001.50,  00000.60, -00020.70, -00038.55,  00063.00,  00020.79, 0, 0, 0, 0, 0, 99.99, 0, stuff, 0.90, 140.40, 50.40, 90.00, 1, 2, 10.00, 10.00, 10.00, 10.00, 10.00, 10.00, 10.00, 10.00, 10.00, 10.00, 0.00, 90.00, 90.00, 90.00
6483,  00009.28,  00073.24,  01000.98, -00001.07,  00002.80,  00002.15, -00019.95, -00038.55,  00061.80,  00020.79, 0, 0, 0, 0, 0, 99.99, 0, stuff, 0.00, 143.10, 49.50, 90.00, 0, 2, 10.00, 10.00, 10.00, 10.00, 10.00, 10.00, 10.00, 10.00, 10.00, 10.00, 0.00, 143.10, 49.50, 90.00
6523,  00019.53,  00078.12,  01018.55,  00000.11,  00000.85,  00000.97, -00021.00, -00038.70,  00061.65,  00021.03, 0, 0, 0, 0, 0, 99.99, 0, stuff, 0.00, 144.00, 50.40, 90.00, 0, 2, 10.00, 10.00, 10.00, 10.00, 10.00, 10.00, 10.00, 10.00, 10.00, 10.00, 0.00, 144.00, 50.40, 90.00
6563,  00021.00,  00085.94,  01025.88,  00002.95,  00003.59,  00000.32, -00021.30, -00037.95,  00062.40,  00021.13, 0, 0, 0, 0, 0, 99.99, 0, stuff, 0.90, 144.00, 49.50, 90.00, 0, 2, 10.00, 10.00, 10.00, 10.00, 10.00, 10.00, 10.00, 10.00, 10.00, 10.00, 0.90, 144.00, 49.50, 90.00
6603,  00023.44,  00078.12,  01010.25,  00001.14,  00003.55,  00001.59, -00019.50, -00038.55,  00062.25,  00020.99, 0, 0, 0, 0, 0, 99.99, 0, stuff, 0.00, 144.00, 50.40, 90.00, 0, 2, 10.00, 10.00, 10.00, 10.00, 10.00, 10.00, 10.00, 10.00, 10.00, 10.00, 0.00, 144.00, 50.40, 90.00
6649,  00020.51,  00070.31,  01017.09, -00001.89,  00001.54, -00000.53, -00019.95, -00039.30,  00062.25,  00021.13, 0, 0, 0, 0, 0, 99.99, 0, stuff, 0.00, 144.00, 49.50, 90.00, 0, 2, 10.00, 10.00, 10.00, 10.00, 10.00, 10.00, 10.00, 10.00, 10.00, 10.00, 0.00, 144.00, 49.50, 90.00
6683,  00014.16,  00078.61,  01010.25,  00001.43,  00000.95,  00000.85, -00019.80, -00039.15,  00061.95,  00020.99, 0, 0, 0, 0, 0, 99.99, 0, stuff, 0.00, 144.00, 49.50, 90.00, 0, 2, 10.00, 10.00, 10.00, 10.00, 10.00, 10.00, 10.00, 10.00, 10.00, 10.00, 0.00, 144.00, 49.50, 90.00
6729,  00021.48,  00070.80,  01013.18,  00001.40, -00000.06,  00001.38, -00020.40, -00038.25,  00061.50,  00021.22, 0, 0, 0, 0, 0, 99.99, 0, stuff, 0.00, 144.00, 50.40, 90.00, 0, 2, 10.00, 10.00, 10.00, 10.00, 10.00, 10.00, 10.00, 10.00, 10.00, 10.00, 0.00, 144.00, 50.40, 90.00
6763,  00021.00,  00084.96,  01002.93,  00000.32,  00002.02,  00001.69, -00019.50, -00037.50,  00063.00,  00021.03, 0, 0, 0, 0, 0, 99.99, 0, stuff, 0.00, 144.00, 50.40, 90.00, 0, 2, 10.00, 10.00, 10.00, 10.00, 10.00, 10.00, 10.00, 10.00, 10.00, 10.00, 0.00, 144.00, 50.40, 90.00
6803,  00014.65,  00086.91,  01019.53,  00000.11,  00003.27,  00000.35, -00020.10, -00037.95,  00062.40,  00020.99, 0, 0, 0, 0, 0, 99.99, 0, stuff, 0.00, 144.00, 50.40, 90.00, 0, 2, 10.00, 10.00, 10.00, 10.00, 10.00, 10.00, 10.00, 10.00, 10.00, 10.00, 0.00, 144.00, 50.40, 90.00
6849,  00021.97,  00083.98,  01008.30, -00000.65,  00001.29,  00000.47, -00019.35, -00038.40,  00061.95,  00021.13, 0, 0, 0, 0, 0, 99.99, 0, stuff, 0.90, 144.00, 49.50, 90.00, 0, 2, 10.00, 10.00, 10.00, 10.00, 10.00, 10.00, 10.00, 10.00, 10.00, 10.00, 0.90, 144.00, 49.50, 90.00
6883,  00011.72,  00086.43,  01010.25,  00000.27, -00000.83, -00004.11, -00020.70, -00037.50,  00063.00,  00021.13, 0, 0, 0, 0, 0, 99.99, 0, stuff, 0.00, 144.00, 50.40, 90.00, 0, 2, 10.00, 10.00, 10.00, 10.00, 10.00, 10.00, 10.00, 10.00, 10.00, 10.00, 0.00, 144.00, 50.40, 90.00
6923,  00026.37,  00083.50,  01011.72, -00000.30,  00001.01,  00002.17, -00020.70, -00039.00,  00062.55,  00021.18, 0, 0, 0, 0, 0, 99.99, 0, stuff, 0.00, 144.00, 49.50, 90.00, 0, 2, 10.00, 10.00, 10.00, 10.00, 10.00, 10.00, 10.00, 10.00, 10.00, 10.00, 0.00, 144.00, 49.50, 90.00
6963,  00021.00,  00086.91,  01000.49,  00000.18, -00000.80,  00000.18, -00020.70, -00038.55,  00061.50,  00020.99, 0, 0, 0, 0, 0, 99.99, 0, stuff, 0.00, 143.10, 49.50, 90.00, 0, 2, 10.00, 10.00, 10.00, 10.00, 10.00, 10.00, 10.00, 10.00, 10.00, 10.00, 0.00, 143.10, 49.50, 90.00
7003,  00010.74,  00087.40,  01012.70,  00001.28,  00002.16,  00003.02, -00021.15, -00037.50,  00062.55,  00020.79, 0, 0, 0, 0, 0, 99.99, 0, stuff, 0.00, 143.10, 49.50, 90.00, 0, 2, 10.00, 10.00, 10.00, 10.00, 10.00, 10.00, 10.00, 10.00, 10.00, 10.00, 0.00, 143.10, 49.50, 90.00
7049,  00009.77,  00072.27,  01010.74,  00000.31,  00001.76, -00000.79, -00020.70, -00037.80,  00062.25,  00021.32, 0, 0, 0, 0, 0, 99.99, 0, stuff, 0.00, 144.00, 49.50, 90.00, 0, 2, 10.00, 10.00, 10.00, 10.00, 10.00, 10.00, 10.00, 10.00, 10.00, 10.00, 0.00, 144.00, 49.50, 90.00
7084,  00003.91,  00075.68,  00997.56, -00000.37, -00001.82, -00001.77, -00020.55, -00038.70,  00061.20,  00020.94, 0, 0, 0, 0, 0, 99.99, 0, stuff, 0.00, 144.00, 54.90, 90.00, 0, 2, 10.00, 10.00, 10.00, 10.00, 10.00, 10.00, 10.00, 10.00, 10.00, 10.00, 0.00, 144.00, 54.90, 90.00
7123,  00010.74,  00063.48,  01006.84, -00000.89,  00001.60,  00001.10, -00021.30, -00037.65,  00061.20,  00021.13, 0, 0, 0, 0, 0, 99.99, 0, stuff, 0.00, 143.10, 77.40, 87.30, 0, 2, 10.00, 10.00, 10.00, 10.00, 10.00, 10.00, 10.00, 10.00, 10.00, 10.00, 0.00, 143.10, 77.40, 87.30
7163,  00021.97,  00081.05,  01019.04,  00000.88,  00001.02,  00001.19, -00019.35, -00037.95,  00062.40,  00021.03, 0, 0, 0, 0, 0, 99.99, 0, stuff, 0.00, 144.00, 108.00, 84.60, 0, 2, 10.00, 10.00, 10.00, 10.00, 10.00, 10.00, 10.00, 10.00, 10.00, 10.00, 0.00, 144.00, 108.00, 84.60
7203,  00022.46,  00069.82,  01017.09, -00001.31,  00001.77,  00002.02, -00021.15, -00039.00,  00062.55,  00021.03, 0, 0, 0, 0, 0, 99.99, 0, stuff, 0.00, 143.10, 138.60, 90.00, 0, 2, 10.00, 10.00, 10.00, 10.00, 10.00, 10.00, 10.00, 10.00, 10.00, 10.00, 0.00, 143.10, 138.60, 90.00
7248,  00021.48,  00076.66,  01018.07,  00002.20, -00000.15,  00000.21, -00020.55, -00038.40,  00062.70,  00020.94, 0, 0, 0, 0, 0, 99.99, 0, stuff, 0.00, 143.10, 139.50, 90.00, 0, 2, 10.00, 10.00, 10.00, 10.00, 10.00, 10.00, 10.00, 10.00, 10.00, 10.00, 0.00, 143.10, 139.50, 90.00
7283,  00009.77,  00078.12,  01025.39, -00000.59, -00000.04,  00001.44, -00020.70, -00038.55,  00061.80,  00021.18, 0, 0, 0, 0, 0, 99.99, 0, stuff, 0.00, 144.00, 139.50, 90.00, 0, 2, 10.00, 10.00, 10.00, 10.00, 10.00, 10.00, 10.00, 10.00, 10.00, 10.00, 0.00, 144.00, 139.50, 90.00
7323,  00021.00,  00077.15,  01010.74,  00001.44,  00001.66, -00000.08, -00018.90, -00036.90,  00061.65,  00021.22, 0, 0, 0, 0, 0, 99.99, 0, stuff, 0.90, 143.10, 139.50, 90.00, 0, 2, 10.00, 10.00, 10.00, 10.00, 10.00, 10.00, 10.00, 10.00, 10.00, 10.00, 0.90, 143.10, 139.50, 90.00
7363,  00019.53,  00086.43,  01014.16, -00000.50,  00001.99,  00000.73, -00020.70, -00037.80,  00063.00,  00021.03, 0, 0, 0, 0, 0, 99.99, 0, stuff, 0.00, 144.00, 139.50, 90.00, 0, 2, 10.00, 10.00, 10.00, 10.00, 10.00, 10.00, 10.00, 10.00, 10.00, 10.00, 0.00, 144.00, 139.50, 90.00
7403,  00021.48,  00077.64,  01005.37,  00000.76,  00000.96,  00000.92, -00020.70, -00038.55,  00061.05,  00020.84, 0, 0, 0, 0, 0, 99.99, 0, stuff, 0.00, 144.00, 140.40, 90.00, 1, 2, 10.00, 10.00, 10.00, 10.00, 10.00, 10.00, 10.00, 10.00, 10.00, 10.00, 0.00, 90.00, 90.00, 90.00
7449,  00021.48,  00084.47,  01008.30, -00000.21,  00002.76,  00000.24, -00020.40, -00039.00,  00062.55,  00020.99, 0, 0, 0, 0, 0, 99.99, 0, stuff, 0.00, 144.00, 139.50, 90.00, 0, 2, 10.00, 10.00, 10.00, 10.00, 10.00, 10.00, 10.00, 10.00, 10.00, 10.00, 0.00, 144.00, 139.50, 90.00
7483,  00018.55,  00087.89,  01001.46,  00000.38,  00000.00,  00000.23, -00019.20, -00037.80,  00060.75,  00021.32, 0, 0, 0, 0, 0, 99.99, 0, stuff, 0.90, 149.40, 145.80, 90.90, 1, 2, 10.00, 10.00, 10.00, 10.00, 10.00, 10.00, 10.00, 10.00, 10.00, 10.00, 0.00, 90.00, 90.00, 90.00
7529,  00025.88,  00087.89,  01011.23, -00000.47,  00001.47,  00000.95, -00019.80, -00038.70,  00062.40,  00021.03, 0, 0, 0, 0, 0, 99.99, 0, stuff, 0.00, 144.00, 139.50, 90.00, 0, 2, 10.00, 10.00, 10.00, 10.00, 10.00, 10.00, 10.00, 10.00, 10.00, 10.00, 0.00, 144.00, 139.50, 90.00
7563,  00009.77,  00081.54,  00996.09,  00000.21,  00003.54, -00000.85, -00020.10, -00037.65,  00062.40,  00021.03, 0, 0, 0, 0, 0, 99.99, 0, stuff, 0.00, 144.00, 139.50, 90.00, 0, 2, 10.00, 10.00, 10.00, 10.00, 10.00, 10.00, 10.00, 10.00, 10.00, 10.00, 0.00, 144.00, 139.50, 90.00
7603,  00009.77,  00093.75,  00987.30, -00001.63,  00000.37,  00001.66, -00018.75, -00040.05,  00063.00,  00020.99, 0, 0, 0, 0, 0, 99.99, 0, stuff, 0.00, 135.00, 139.50, 90.00, 0, 2, 10.00, 10.00, 10.00, 10.00, 10.00, 10.00, 10.00, 10.00, 10.00, 10.00, 0.00, 135.00, 139.50, 90.00
7643,  00005.37,  00103.52,  01005.37, -00000.08, -00001.15, -00001.23, -00020.40, -00039.75,  00061.50,  00021.13, 0, 0, 0, 0, 0, 99.99, 0, stuff, 0.00, 125.10, 139.50, 90.00, 0, 2, 10.00, 10.00, 10.00, 10.00, 10.00, 10.00, 10.00, 10.00, 10.00, 10.00, 0.00, 125.10, 139.50, 90.00
7683,  00015.62,  00082.03,  01021.00, -00000.64,  00001.32,  00002.41, -00020.10, -00038.70,  00061.95,  00021.03, 0, 0, 0, 0, 0, 99.99, 0, stuff, 0.00, 108.00, 140.40, 90.00, 0, 2, 10.00, 10.00, 10.00, 10.00, 10.00, 10.00, 10.00, 10.00, 10.00, 10.00, 0.00, 108.00, 140.40, 90.00
7724,  00026.37,  00084.47,  01013.67, -00000.73,  00001.18,  00000.66, -00021.30, -00038.70,  00061.65,  00021.13, 0, 0, 0, 0, 0, 99.99, 0, stuff, 0.00, 90.90, 139.50, 90.00, 0, 2, 10.00, 10.00, 10.00, 10.00, 10.00, 10.00, 10.00, 10.00, 10.00, 10.00, 0.00, 90.90, 139.50, 90.00
7763,  00025.39,  00061.52,  01020.51,  00000.35,  00001.16,  00000.23, -00020.40, -00039.00,  00062.55,  00021.18, 0, 0, 0, 0, 0, 99.99, 0, stuff, 0.00, 63.00, 139.50, 90.00, 0, 2, 10.00, 10.00, 10.00, 10.00, 10.00, 10.00, 10.00, 10.00, 10.00, 10.00, 0.00, 63.00, 139.50, 90.00
7803,  00000.00,  00072.75,  01002.44, -00000.54, -00000.89,  00000.11, -00020.40, -00037.50,  00061.05,  00021.13, 0, 0, 0, 0, 0, 99.99, 0, stuff, 0.90, 36.00, 139.50, 90.00, 0, 2, 10.00, 10.00, 10.00, 10.00, 10.00, 10.00, 10.00, 10.00, 10.00, 10.00, 0.90, 36.00, 139.50, 90.00
7849,  00020.51,  00081.05,  01005.86, -00000.98,  00001.42,  00000.46, -00020.40, -00038.55,  00062.25,  00021.18, 0, 0, 0, 0, 0, 99.99, 0, stuff, 0.00, 36.00, 139.50, 90.00, 0, 2, 10.00, 10.00, 10.00, 10.00, 10.00, 10.00, 10.00, 10.00, 10.00, 10.00, 0.00, 36.00, 139.50, 90.00
7883,  00011.23,  00087.89,  00997.56, -00000.97,  00001.65,  00001.23, -00020.70, -00037.80,  00061.50,  00021.03, 0, 0, 0, 0, 0, 99.99, 0, stuff, 0.00, 36.00, 139.50, 90.00, 0, 2, 10.00, 10.00, 10.00, 10.00, 10.00, 10.00, 10.00, 10.00, 10.00, 10.00, 0.00, 36.00, 139.50, 90.00
7923,  00012.70,  00082.52,  00999.51, -00003.15, -00001.68,  00002.15, -00019.80, -00038.70,  00061.95,  00021.32, 0, 0, 0, 0, 0, 99.99, 0, stuff, 0.00, 36.00, 139.50, 90.00, 0, 2, 10.00, 10.00, 10.00, 10.00, 10.00, 10.00, 10.00, 10.00, 10.00, 10.00, 0.00, 36.00, 139.50, 90.00
7963,  00027.34,  00074.71,  01009.77, -00001.83,  00000.13,  00003.60, -00018.90, -00039.15,  00061.65,  00021.22, 0, 0, 0, 0, 0, 99.99, 0, stuff, 0.00, 36.00, 139.50, 90.00, 0, 2, 10.00, 10.00, 10.00, 10.00, 10.00, 10.00, 10.00, 10.00, 10.00, 10.00, 0.00, 36.00, 139.50, 90.00
8003,  00017.09,  00079.59,  01013.67,  00001.03,  00002.97,  00001.49, -00021.00, -00038.40,  00062.70,  00021.18, 0, 0, 0, 0, 0, 99.99, 0, stuff, 0.90, 36.00, 139.50, 90.00, 0, 2, 10.00, 10.00, 10.00, 10.00, 10.00, 10.00, 10.00, 10.00, 10.00, 10.00, 0.90, 36.00, 139.50, 90.00
8049,  00019.53,  00092.29,  01008.79, -00001.15,  00003.45,  00000.79, -00019.80, -00038.40,  00062.40,  00020.94, 0, 0, 0, 0, 0, 99.99, 0, stuff, 0.00, 36.00, 139.50, 90.00, 0, 2, 10.00, 10.00, 10.00, 10.00, 10.00, 10.00, 10.00, 10.00, 10.00, 10.00, 0.00, 36.00, 139.50, 90.00
8083,  00026.37,  00093.26,  01002.44, -00001.76,  00001.66,  00000.32, -00019.95, -00039.30,  00062.55,  00021.13, 0, 0, 0, 0, 0, 99.99, 0, stuff, 0.00, 36.00, 139.50, 90.00, 0, 2, 10.00, 10.00, 10.00, 10.00, 10.00, 10.00, 10.00, 10.00, 10.00, 10.00, 0.00, 36.00, 139.50, 90.00
8123,  00020.51,  00077.15,  01033.20, -00001.18,  00001.60,  00000.53, -00020.55, -00038.40,  00061.95,  00021.18, 0, 0, 0, 0, 0, 99.99, 0, stuff, 0.00, 36.00, 138.60, 90.00, 0, 2, 10.00, 10.00, 10.00, 10.00, 10.00, 10.00, 10.00, 10.00, 10.00, 10.00, 0.00, 36.00, 138.60, 90.00
8163,  00026.37,  00074.22,  01020.02,  00001.74,  00002.69,  00000.37, -00021.15, -00038.25,  00062.55,  00021.13, 0, 0, 0, 0, 0, 99.99, 0, stuff, 0.00, 36.00, 130.50, 90.00, 0, 2, 10.00, 10.00, 10.00, 10.00, 10.00, 10.00, 10.00, 10.00, 10.00, 10.00, 0.00, 36.00, 130.50, 90.00
8203,  00021.00,  00086.91,  01009.28,  00001.27,  00004.64,  00003.78, -00021.75, -00037.95,  00061.20,  00021.18, 0, 0, 0, 0, 0, 99.99, 0, stuff, 0.00, 36.00, 112.50, 90.00, 0, 2, 10.00, 10.00, 10.00, 10.00, 10.00, 10.00, 10.00, 10.00, 10.00, 10.00, 0.00, 36.00, 112.50, 90.00
8249,  00015.62,  00070.31,  01000.98,  00001.23,  00002.02,  00001.19, -00020.55, -00038.70,  00061.95,  00021.13, 0, 0, 0, 0, 0, 99.99, 0, stuff, 0.00, 36.90, 104.40, 90.00, 0, 2, 10.00, 10.00, 10.00, 10.00, 10.00, 10.00, 10.00, 10.00, 10.00, 10.00, 0.00, 36.90, 104.40, 90.00
8283,  00010.74,  00067.87,  01006.35, -00000.98,  00001.69,  00002.69, -00020.55, -00037.95,  00061.20,  00021.13, 0, 0, 0, 0, 0, 99.99, 0, stuff, 0.00, 36.00, 84.60, 90.00, 0, 2, 10.00, 10.00, 10.00, 10.00, 10.00, 10.00, 10.00, 10.00, 10.00, 10.00, 0.00, 36.00, 84.60, 90.00
8329,  00020.51,  00085.45,  01022.46, -00001.24,  00002.37,  00000.88, -00021.00, -00038.40,  00061.95,  00021.03, 0, 0, 0, 0, 0, 99.99, 0, stuff, 0.00, 36.00, 70.20, 90.00, 0, 2, 10.00, 10.00, 10.00, 10.00, 10.00, 10.00, 10.00, 10.00, 10.00, 10.00, 0.00, 36.00, 70.20, 90.00
8364,  00009.77,  00081.54,  01016.11,  00001.78,  00001.08,  00000.47, -00021.60, -00037.50,  00062.55,  00021.22, 0, 0, 0, 0, 0, 99.99, 0, stuff, 0.00, 36.00, 56.70, 90.00, 0, 2, 10.00, 10.00, 10.00, 10.00, 10.00, 10.00, 10.00, 10.00, 10.00, 10.00, 0.00, 36.00, 56.70, 90.00
8403,  00021.48,  00090.33,  01005.86, -00000.21,  00002.84,  00001.38, -00021.00, -00039.45,  00063.45,  00021.13, 0, 0, 0, 0, 0, 99.99, 0, stuff, 0.00, 36.00, 49.50, 90.00, 0, 2, 10.00, 10.00, 10.00, 10.00, 10.00, 10.00, 10.00, 10.00, 10.00, 10.00, 0.00, 36.00, 49.50, 90.00
8449,  00018.55,  00070.80,  01011.72, -00000.82,  00000.55,  00001.59, -00020.40, -00038.55,  00063.75,  00021.03, 0, 0, 0, 0, 0, 99.99, 0, stuff, 0.00, 36.00, 49.50, 90.00, 0, 2, 10.00, 10.00, 10.00, 10.00, 10.00, 10.00, 10.00, 10.00, 10.00, 10.00, 0.00, 36.00, 49.50, 90.00
8483,  00018.07,  00089.36,  01014.65,  00000.43,  00001.41,  00002.75, -00019.80, -00039.15,  00061.95,  00021.18, 0, 0, 0, 0, 0, 99.99, 0, stuff, 0.00, 36.00, 50.40, 90.00, 0, 2, 10.00, 10.00, 10.00, 10.00, 10.00, 10.00, 10.00, 10.00, 10.00, 10.00, 0.00, 36.00, 50.40, 90.00
8523,  00021.00,  00074.71,  00997.07,  00000.80,  00002.02, -00000.13, -00021.00, -00036.45,  00061.95,  00020.99, 0, 0, 0, 0, 0, 99.99, 0, stuff, 0.00, 36.00, 50.40, 90.00, 0, 2, 10.00, 10.00, 10.00, 10.00, 10.00, 10.00, 10.00, 10.00, 10.00, 10.00, 0.00, 36.00, 50.40, 90.00
8563,  00014.65,  00082.52,  01023.44, -00000.93,  00002.78, -00000.58, -00021.30, -00039.45,  00061.95,  00021.13, 0, 0, 0, 0, 0, 99.99, 0, stuff, 0.90, 36.00, 49.50, 90.00, 0, 2, 10.00, 10.00, 10.00, 10.00, 10.00, 10.00, 10.00, 10.00, 10.00, 10.00, 0.90, 36.00, 49.50, 90.00
8603,  00021.00,  00081.05,  01012.21,  00000.73,  00000.90,  00000.34, -00019.50, -00038.25,  00061.80,  00021.13, 0, 0, 0, 0, 0, 99.99, 0, stuff, 0.00, 36.00, 49.50, 89.10, 0, 2, 10.00, 10.00, 10.00, 10.00, 10.00, 10.00, 10.00, 10.00, 10.00, 10.00, 0.00, 36.00, 49.50, 89.10
8643,  00011.23,  00083.50,  01001.95, -00003.03,  00002.34,  00001.69, -00019.50, -00037.05,  00063.30,  00021.03, 0, 0, 0, 0, 0, 99.99, 0, stuff, 0.00, 36.00, 49.50, 90.00, 0, 2, 10.00, 10.00, 10.00, 10.00, 10.00, 10.00, 10.00, 10.00, 10.00, 10.00, 0.00, 36.00, 49.50, 90.00
8683,  00025.88,  00064.94,  01013.67, -00000.15,  00001.57,  00000.77, -00021.75, -00039.15,  00062.70,  00021.18, 0, 0, 0, 0, 0, 99.99, 0, stuff, 0.00, 36.00, 58.50, 90.00, 0, 2, 10.00, 10.00, 10.00, 10.00, 10.00, 10.00, 10.00, 10.00, 10.00, 10.00, 0.00, 36.00, 58.50, 90.00
8723,  00019.04,  00082.03,  01011.23,  00000.38,  00001.69,  00000.73, -00020.70, -00037.80,  00062.25,  00021.22, 0, 0, 0, 0, 0, 99.99, 0, stuff, 0.00, 36.00, 84.60, 90.00, 0, 2, 10.00, 10.00, 10.00, 10.00, 10.00, 10.00, 10.00, 10.00, 10.00, 10.00, 0.00, 36.00, 84.60, 90.00
8763,  00010.74,  00101.07,  01008.30, -00001.93,  00001.14,  00002.66, -00020.10, -00039.15,  00061.20,  00021.18, 0, 0, 0, 0, 0, 99.99, 0, stuff, 0.00, 36.00, 110.70, 90.00, 0, 2, 10.00, 10.00, 10.00, 10.00, 10.00, 10.00, 10.00, 10.00, 10.00, 10.00, 0.00, 36.00, 110.70, 90.00
8803,  00032.71,  00080.08,  01016.60,  00000.21,  00002.83,  00000.63, -00020.10, -00037.95,  00061.95,  00021.22, 0, 0, 0, 0, 0, 99.99, 0, stuff, 0.00, 36.00, 119.70, 90.00, 0, 2, 10.00, 10.00, 10.00, 10.00, 10.00, 10.00, 10.00, 10.00, 10.00, 10.00, 0.00, 36.00, 119.70, 90.00
8849,  00016.60,  00083.50,  00998.05, -00001.46,  00002.06, -00002.12, -00020.55, -00038.70,  00062.70,  00020.99, 0, 0, 0, 0, 0, 99.99, 0, stuff, 0.90, 36.90, 138.60, 90.00, 1, 2, 10.00, 10.00, 10.00, 10.00, 10.00, 10.00, 10.00, 10.00, 10.00, 10.00, 0.00, 90.00, 90.00, 90.00
8883,  00021.97,  00076.66,  01015.14, -00000.21, -00001.43, -00004.21, -00019.35, -00037.95,  00061.20,  00021.32, 0, 0, 0, 0, 0, 99.99, 0, stuff, 0.00, 36.90, 140.40, 90.00, 0, 2, 10.00, 10.00, 10.00, 10.00, 10.00, 10.00, 10.00, 10.00, 10.00, 10.00, 0.00, 36.90, 140.40, 90.00
8929,  00009.28,  00078.12,  01014.65,  00000.92,  00002.99,  00000.28, -00020.55, -00037.65,  00062.40,  00021.18, 0, 0, 0, 0, 0, 99.99, 0, stuff, 0.00, 36.00, 139.50, 90.00, 0, 2, 10.00, 10.00, 10.00, 10.00, 10.00, 10.00, 10.00, 10.00, 10.00, 10.00, 0.00, 36.00, 139.50, 90.00
8963,  00017.58,  00078.61,  01027.83,  00000.74,  00002.97, -00000.33, -00019.35, -00039.15,  00060.90,  00021.03, 0, 0, 0, 0, 0, 99.99, 0, stuff, 0.00, 36.90, 140.40, 90.00, 0, 2, 10.00, 10.00, 10.00, 10.00, 10.00, 10.00, 10.00, 10.00, 10.00, 10.00, 0.00, 36.90, 140.40, 90.00
9004,  00010.25,  00088.87,  00994.63, -00000.69, -00000.24,  00000.21, -00020.10, -00039.15,  00062.40,  00021.03, 0, 0, 0, 0, 0, 99.99, 0, stuff, 0.00, 36.90, 140.40, 90.00, 0, 2, 10.00, 10.00, 10.00, 10.00, 10.00, 10.00, 10.00, 10.00, 10.00, 10.00, 0.00, 36.90, 140.40, 90.00
9050,  00022.95,  00085.45,  01028.32, -00000.15, -00000.82, -00000.08, -00020.10, -00038.70,  00061.20,  00021.37, 0, 0, 0, 0, 0, 99.99, 0, stuff, 0.00, 36.00, 139.50, 90.00, 0, 2, 10.00, 10.00, 10.00, 10.00, 10.00, 10.00, 10.00, 10.00, 10.00, 10.00, 0.00, 36.00, 139.50, 90.00
9083,  00017.09,  00079.59,  01015.62,  00000.38,  00002.86, -00000.27, -00020.70, -00038.25,  00061.80,  00021.22, 0, 0, 0, 0, 0, 99.99, 0, stuff, 0.00, 36.00, 139.50, 90.00, 0, 2, 10.00, 10.00, 10.00, 10.00, 10.00, 10.00, 10.00, 10.00, 10.00, 10.00, 0.00, 36.00, 139.50, 90.00
9123,  00029.30,  00074.22,  01005.86, -00002.37,  00000.95, -00001.57, -00019.80, -00039.15,  00061.65,  00021.32, 0, 0, 0, 0, 0, 99.99, 0, stuff, 0.00, 36.00, 139.50, 90.00, 0, 2, 10.00, 10.00, 10.00, 10.00, 10.00, 10.00, 10.00, 10.00, 10.00, 10.00, 0.00, 36.00, 139.50, 90.00
9163,  00018.07,  00076.17,  01014.16,  00000.33,  00002.93, -00000.16, -00019.80, -00039.45,  00062.40,  00021.22, 0, 0, 0, 0, 0, 99.99, 0, stuff, 0.00, 48.60, 139.50, 90.00, 0, 2, 10.00, 10.00, 10.00, 10.00, 10.00, 10.00, 10.00, 10.00, 10.00, 10.00, 0.00, 48.60, 139.50, 90.00
9203,  00020.02,  00080.08,  01014.65, -00000.44,  00000.31,  00001.94, -00021.90, -00038.55,  00061.50,  00020.99, 0, 0, 0, 0, 0, 99.99, 0, stuff, 0.00, 68.40, 140.40, 90.00, 0, 2, 10.00, 10.00, 10.00, 10.00, 10.00, 10.00, 10.00, 10.00, 10.00, 10.00, 0.00, 68.40, 140.40, 90.00
9249,  00027.83,  00088.38,  01013.18, -00000.15,  00002.53, -00001.08, -00021.75, -00037.65,  00061.95,  00021.37, 0, 0, 0, 0, 0, 99.99, 0, stuff, 0.00, 80.10, 139.50, 90.00, 0, 2, 10.00, 10.00, 10.00, 10.00, 10.00, 10.00, 10.00, 10.00, 10.00, 10.00, 0.00, 80.10, 139.50, 90.00
9283,  00019.53,  00071.78,  01014.16, -00001.50,  00005.07, -00002.18, -00020.55, -00037.95,  00061.65,  00021.37, 0, 0, 0, 0, 0, 99.99, 0, stuff, 0.90, 100.80, 139.50, 90.90, 0, 2, 10.00, 10.00, 10.00, 10.00, 10.00, 10.00, 10.00, 10.00, 10.00, 10.00, 0.90, 100.80, 139.50, 90.90
9323,  00019.04,  00081.05,  00996.58,  00000.71,  00003.24,  00000.70, -00021.00, -00038.40,  00063.15,  00021.32, 0, 0, 0, 0, 0, 99.99, 0, stuff, 0.90, 118.80, 139.50, 90.90, 0, 2, 10.00, 10.00, 10.00, 10.00, 10.00, 10.00, 10.00, 10.00, 10.00, 10.00, 0.90, 118.80, 139.50, 90.90
9363,  00006.84,  00085.94,  00997.07, -00001.56, -00000.80, -00001.82, -00020.10, -00038.70,  00060.15,  00021.32, 0, 0, 0, 0, 0, 99.99, 0, stuff, 0.00, 138.60, 138.60, 90.00, 0, 2, 10.00, 10.00, 10.00, 10.00, 10.00, 10.00, 10.00, 10.00, 10.00, 10.00, 0.00, 138.60, 138.60, 90.00
9403,  00019.04,  00075.68,  01024.41,  00000.27,  00001.60,  00000.66, -00019.95, -00037.80,  00061.05,  00020.94, 0, 0, 0, 0, 0, 99.99, 0, stuff, 0.00, 143.10, 139.50, 90.00, 0, 2, 10.00, 10.00, 10.00, 10.00, 10.00, 10.00, 10.00, 10.00, 10.00, 10.00, 0.00, 143.10, 139.50, 90.00
9443,  00022.46,  00077.15,  01020.02, -00001.51,  00002.01,  00001.72, -00019.95, -00039.30,  00062.25,  00021.32, 0, 0, 0, 0, 0, 99.99, 0, stuff, 0.00, 144.00, 139.50, 90.00, 0, 2, 10.00, 10.00, 10.00, 10.00, 10.00, 10.00, 10.00, 10.00, 10.00, 10.00, 0.00, 144.00, 139.50, 90.00
9483,  00023.93,  00063.96,  01011.23,  00001.10,  00001.95, -00000.13, -00020.55, -00037.95,  00062.70,  00021.13, 0, 0, 0, 0, 0, 99.99, 0, stuff, 0.00, 144.00, 139.50, 90.00, 0, 2, 10.00, 10.00, 10.00, 10.00, 10.00, 10.00, 10.00, 10.00, 10.00, 10.00, 0.00, 144.00, 139.50, 90.00
9529,  00017.58,  00089.36,  01008.79, -00002.10,  00001.99,  00001.70, -00021.00, -00038.70,  00063.15,  00020.94, 0, 0, 0, 0, 0, 99.99, 0, stuff, 0.00, 144.00, 139.50, 90.00, 0, 2, 10.00, 10.00, 10.00, 10.00, 10.00, 10.00, 10.00, 10.00, 10.00, 10.00, 0.00, 144.00, 139.50, 90.00
9563,  00012.70,  00074.22,  01008.79, -00000.53,  00000.94,  00001.80, -00020.70, -00037.50,  00061.80,  00021.18, 0, 0, 0, 0, 0, 99.99, 0, stuff, 0.00, 144.00, 139.50, 90.00, 0, 2, 10.00, 10.00, 10.00, 10.00, 10.00, 10.00, 10.00, 10.00, 10.00, 10.00, 0.00, 144.00, 139.50, 90.00
9603,  00026.86,  00080.57,  01011.72, -00000.45,  00000.79,  00001.34, -00019.95, -00037.50,  00062.55,  00021.32, 0, 0, 0, 0, 0, 99.99, 0, stuff, 0.00, 144.00, 139.50, 90.00, 0, 2, 10.00, 10.00, 10.00, 10.00, 10.00, 10.00, 10.00, 10.00, 10.00, 10.00, 0.00, 144.00, 139.50, 90.00
9650,  00030.76,  00076.66,  01020.51,  00000.85,  00001.19, -00000.20, -00021.30, -00039.15,  00061.20,  00021.37, 0, 0, 0, 0, 0, 99.99, 0, stuff, 0.00, 144.00, 136.80, 90.00, 0, 2, 10.00, 10.00, 10.00, 10.00, 10.00, 10.00, 10.00, 10.00, 10.00, 10.00, 0.00, 144.00, 136.80, 90.00
9683,  00007.32,  00070.80,  01019.53,  00000.85,  00000.81,  00000.56, -00020.70, -00039.75,  00061.50,  00021.32, 0, 0, 0, 0, 0, 99.99, 0, stuff, 0.00, 144.00, 126.00, 90.00, 0, 2, 10.00, 10.00, 10.00, 10.00, 10.00, 10.00, 10.00, 10.00, 10.00, 10.00, 0.00, 144.00, 126.00, 90.00
9730,  00022.95,  00082.52,  01007.32,  00001.97,  00001.62,  00000.92, -00019.50, -00038.25,  00063.00,  00021.22, 0, 0, 0, 0, 0, 99.99, 0, stuff, 0.00, 144.00, 101.70, 90.00, 0, 2, 10.00, 10.00, 10.00, 10.00, 10.00, 10.00, 10.00, 10.00, 10.00, 10.00, 0.00, 144.00, 101.70, 90.00
9763,  00009.77,  00088.87,  01008.30, -00000.11, -00000.71,  00000.67, -00020.55, -00038.70,  00061.20,  00021.32, 0, 0, 0, 0, 0, 99.99, 0, stuff, 0.90, 144.00, 84.60, 90.90, 0, 2, 10.00, 10.00, 10.00, 10.00, 10.00, 10.00, 10.00, 10.00, 10.00, 10.00, 0.90, 144.00, 84.60, 90.90
9803,  00018.07,  00094.24,  01004.88,  00000.11,  00001.05,  00001.46, -00020.55, -00037.20,  00061.20,  00020.99, 0, 0, 0, 0, 0, 99.99, 0, stuff, 0.00, 144.00, 72.90, 90.00, 0, 2, 10.00, 10.00, 10.00, 10.00, 10.00, 10.00, 10.00, 10.00, 10.00, 10.00, 0.00, 144.00, 72.90, 90.00
9849,  00016.11,  00079.10,  01012.21, -00001.46,  00001.60,  00000.94, -00021.00, -00038.70,  00061.95,  00021.22, 0, 0, 0, 0, 0, 99.99, 0, stuff, 0.00, 144.00, 55.80, 90.00, 0, 2, 10.00, 10.00, 10.00, 10.00, 10.00, 10.00, 10.00, 10.00, 10.00, 10.00, 0.00, 144.00, 55.80, 90.00
9883,  00024.41,  00075.20,  01015.62, -00001.56,  00000.14, -00001.56, -00021.15, -00038.25,  00061.50,  00021.18, 0, 0, 0, 0, 0, 99.99, 0, stuff, 0.00, 144.00, 49.50, 90.00, 0, 2, 10.00, 10.00, 10.00, 10.00, 10.00, 10.00, 10.00, 10.00, 10.00, 10.00, 0.00, 144.00, 49.50, 90.00
9923,  00009.77,  00073.24,  00998.54, -00001.19,  00002.25,  00003.87, -00021.00, -00039.15,  00062.70,  00021.18, 0, 0, 0, 0, 0, 99.99, 0, stuff, 0.90, 144.00, 50.40, 90.00, 0, 2, 10.00, 10.00, 10.00, 10.00, 10.00, 10.00, 10.00, 10.00, 10.00, 10.00, 0.90, 144.00, 50.40, 90.00
9963,  00023.93,  00087.89,  01010.25, -00001.60,  00001.43,  00001.35, -00019.20, -00039.00,  00063.00,  00021.22, 0, 0, 0, 0, 0, 99.99, 0, stuff, 0.00, 142.20, 49.50, 90.00, 0, 2, 10.00, 10.00, 10.00, 10.00, 10.00, 10.00, 10.00, 10.00, 10.00, 10.00, 0.00, 142.20, 49.50, 90.00
10003,  00018.07,  00082.03,  01023.44, -00000.30,  00001.41, -00003.70, -00021.75, -00037.65,  00061.65,  00021.32, 0, 0, 0, 0, 0, 99.99, 0, stuff, 0.00, 144.00, 49.50, 90.00, 0, 2, 10.00, 10.00, 10.00, 10.00, 10.00, 10.00, 10.00, 10.00, 10.00, 10.00, 0.00, 144.00, 49.50, 90.00
10049,  00020.51,  00086.43,  01008.30, -00000.21,  00003.30,  00000.41, -00018.60, -00039.15,  00060.90,  00021.18, 0, 0, 0, 0, 0, 99.99, 0, stuff, 0.00, 144.00, 50.40, 90.00, 1, 2, 10.00, 10.00, 10.00, 10.00, 10.00, 10.00, 10.00, 10.00, 10.00, 10.00, 0.00, 90.00, 90.00, 90.00
10083,  00030.76,  00073.73,  01012.70,  00001.31,  00000.85, -00001.02, -00021.00, -00038.40,  00061.95,  00021.03, 0, 0, 0, 0, 0, 99.99, 0, stuff, 0.00, 143.10, 49.50, 90.00, 0, 2, 10.00, 10.00, 10.00, 10.00, 10.00, 10.00, 10.00, 10.00, 10.00, 10.00, 0.00, 143.10, 49.50, 90.00
10123,  00012.21,  00081.54,  01004.39,  00002.68,  00003.32,  00000.18, -00020.40, -00039.00,  00061.80,  00021.03, 0, 0, 0, 0, 0, 99.99, 0, stuff, 0.00, 144.00, 50.40, 90.00, 0, 2, 10.00, 10.00, 10.00, 10.00, 10.00, 10.00, 10.00, 10.00, 10.00, 10.00, 0.00, 144.00, 50.40, 90.00
10163,  00014.65,  00069.82,  01008.30,  00000.72,  00003.05,  00000.15, -00019.80, -00037.20,  00061.95,  00021.22, 0, 0, 0, 0, 0, 99.99, 0, stuff, 0.00, 122.40, 49.50, 90.00, 0, 2, 10.00, 10.00, 10.00, 10.00, 10.00, 10.00, 10.00, 10.00, 10.00, 10.00, 0.00, 122.40, 49.50, 90.00
10203,  00015.62,  00075.20,  01009.77,  00000.69,  00004.49, -00001.65, -00022.35, -00039.00,  00062.55,  00021.18, 0, 0, 0, 0, 0, 99.99, 0, stuff, 0.00, 95.40, 50.40, 90.00, 0, 2, 10.00, 10.00, 10.00, 10.00, 10.00, 10.00, 10.00, 10.00, 10.00, 10.00, 0.00, 95.40, 50.40, 90.00
10249,  00020.02,  00074.71,  01013.67, -00001.83,  00000.48, -00000.54, -00020.10, -00037.20,  00061.20,  00021.18, 0, 0, 0, 0, 0, 99.99, 0, stuff, 0.00, 67.50, 49.50, 90.00, 0, 2, 10.00, 10.00, 10.00, 10.00, 10.00, 10.00, 10.00, 10.00, 10.00, 10.00, 0.00, 67.50, 49.50, 90.00
10284,  00009.77,  00090.82,  01017.09, -00001.02,  00001.22,  00000.97, -00019.95, -00039.30,  00062.25,  00021.37, 0, 0, 0, 0, 0, 99.99, 0, stuff, 0.00, 39.60, 50.40, 90.00, 0, 2, 10.00, 10.00, 10.00, 10.00, 10.00, 10.00, 10.00, 10.00, 10.00, 10.00, 0.00, 39.60, 50.40, 90.00
10323,  00011.72,  00076.66,  01016.60, -00000.47,  00001.57,  00000.23, -00021.15, -00038.55,  00060.30,  00021.13, 0, 0, 0, 0, 0, 99.99, 0, stuff, 0.00, 36.00, 49.50, 90.00, 0, 2, 10.00, 10.00, 10.00, 10.00, 10.00, 10.00, 10.00, 10.00, 10.00, 10.00, 0.00, 36.00, 49.50, 90.00
10363,  00026.37,  00069.82,  01014.16,  00000.36,  00002.45, -00000.63, -00019.80, -00039.15,  00062.40,  00021.03, 0, 0, 0, 0, 0, 99.99, 0, stuff, 0.00, 36.90, 50.40, 90.00, 0, 2, 10.00, 10.00, 10.00, 10.00, 10.00, 10.00, 10.00, 10.00, 10.00, 10.00, 0.00, 36.90, 50.40, 90.00
10403,  00012.21,  00083.98,  01002.93, -00000.64,  00003.22, -00000.11, -00020.10, -00038.70,  00060.45,  00021.18, 0, 0, 0, 0, 0, 99.99, 0, stuff, 0.00, 36.00, 49.50, 90.00, 0, 2, 10.00, 10.00, 10.00, 10.00, 10.00, 10.00, 10.00, 10.00, 10.00, 10.00, 0.00, 36.00, 49.50, 90.00
10448,  00024.90,  00083.98,  01006.84, -00000.69,  00003.11,  00001.97, -00019.95, -00039.00,  00061.80,  00021.22, 0, 0, 0, 0, 0, 99.99, 0, stuff, 0.00, 40.50, 49.50, 90.00, 0, 2, 10.00, 10.00, 10.00, 10.00, 10.00, 10.00, 10.00, 10.00, 10.00, 10.00, 0.00, 40.50, 49.50, 90.00
10483,  00024.90,  00076.17,  01016.60, -00000.55,  00002.89, -00000.65, -00020.70, -00039.00,  00061.50,  00021.22, 0, 0, 0, 0, 0, 99.99, 0, stuff, 0.00, 65.70, 59.40, 86.40, 0, 2, 10.00, 10.00, 10.00, 10.00, 10.00, 10.00, 10.00, 10.00, 10.00, 10.00, 0.00, 65.70, 59.40, 86.40
10529,  00020.51,  00083.50,  01014.16, -00001.32,  00001.24, -00000.53, -00021.00, -00039.45,  00062.70,  00021.22, 0, 0, 0, 0, 0, 99.99, 0, stuff, 0.00, 90.00, 84.60, 90.00, 0, 2, 10.00, 10.00, 10.00, 10.00, 10.00, 10.00, 10.00, 10.00, 10.00, 10.00, 0.00, 90.00, 84.60, 90.00
10563,  00027.34,  00086.43,  01004.39, -00000.68,  00002.51,  00000.79, -00019.80, -00038.40,  00063.15,  00021.13, 0, 0, 0, 0, 0, 99.99, 0, stuff, 0.00, 90.00, 94.50, 90.00, 0, 2, 10.00, 10.00, 10.00, 10.00, 10.00, 10.00, 10.00, 10.00, 10.00, 10.00, 0.00, 90.00, 94.50, 90.00
10603,  00021.48,  00080.57,  01022.46, -00000.16,  00001.94, -00001.65, -00019.20, -00039.00,  00061.80,  00021.13, 0, 0, 0, 0, 0, 99.99, 0, stuff, 0.00, 90.00, 94.50, 90.00, 0, 2, 10.00, 10.00, 10.00, 10.00, 10.00, 10.00, 10.00, 10.00, 10.00, 10.00, 0.00, 90.00, 94.50, 90.00
10643,  00025.39,  00076.66,  01023.44, -00001.22,  00000.07, -00001.26, -00020.55, -00038.40,  00061.65,  00021.22, 0, 0, 0, 0, 0, 99.99, 0, stuff, 0.00, 90.00, 94.50, 90.00, 0, 2, 10.00, 10.00, 10.00, 10.00, 10.00, 10.00, 10.00, 10.00, 10.00, 10.00, 0.00, 90.00, 94.50, 90.00
10683,  00023.44,  00084.96,  01005.86, -00001.41,  00002.88,  00000.53, -00021.00, -00038.70,  00062.40,  00021.13, 0, 0, 0, 0, 0, 99.99, 0, stuff, 0.00, 90.00, 94.50, 90.00, 0, 2, 10.00, 10.00, 10.00, 10.00, 10.00, 10.00, 10.00, 10.00, 10.00, 10.00, 0.00, 90.00, 94.50, 90.00
10723,  00032.71,  00090.82,  01012.70, -00001.82,  00000.22,  00004.16, -00019.95, -00038.55,  00061.05,  00021.22, 0, 0, 0, 0, 0, 99.99, 0, stuff, 0.00, 90.00, 93.60, 90.00, 0, 2, 10.00, 10.00, 10.00, 10.00, 10.00, 10.00, 10.00, 10.00, 10.00, 10.00, 0.00, 90.00, 93.60, 90.00
10763,  00026.37,  00077.15,  01019.04,  00000.85,  00000.50, -00002.95, -00020.70, -00039.00,  00061.05,  00021.13, 0, 0, 0, 0, 0, 99.99, 0, stuff, 0.00, 90.00, 94.50, 90.00, 0, 2, 10.00, 10.00, 10.00, 10.00, 10.00, 10.00, 10.00, 10.00, 10.00, 10.00, 0.00, 90.00, 94.50, 90.00
10803,  00020.51,  00080.08,  01009.28, -00001.27,  00001.40,  00002.48, -00021.75, -00037.95,  00061.65,  00021.22, 0, 0, 0, 0, 0, 99.99, 0, stuff, 0.00, 90.00, 94.50, 90.00, 0, 2, 10.00, 10.00, 10.00, 10.00, 10.00, 10.00, 10.00, 10.00, 10.00, 10.00, 0.00, 90.00, 94.50, 90.00
10849,  00023.44,  00084.47,  01016.11,  00001.37,  00003.51,  00000.35, -00019.95, -00038.55,  00062.55,  00021.13, 0, 0, 0, 0, 0, 99.99, 0, stuff, 0.00, 90.00, 94.50, 90.00, 0, 2, 10.00, 10.00, 10.00, 10.00, 10.00, 10.00, 10.00, 10.00, 10.00, 10.00, 0.00, 90.00, 94.50, 90.00
10883,  00014.16,  00090.33,  01010.25, -00001.61,  00000.48,  00002.41, -00019.95, -00076.65,  00061.65,  00021.03, 0, 0, 0, 0, 0, 99.99, 0, stuff, 0.00, 90.00, 94.50, 90.00, 0, 2, 10.00, 10.00, 10.00, 10.00, 10.00, 10.00, 10.00, 10.00, 10.00, 10.00, 0.00, 90.00, 94.50, 90.00
10924,  00015.14,  00077.64,  01006.84, -00001.05, -00000.50, -00000.08, -00021.15, -00039.00,  00062.25,  00021.46, 0, 0, 0, 0, 0, 99.99, 0, stuff, 0.00, 90.00, 94.50, 90.00, 0, 2, 10.00, 10.00, 10.00, 10.00, 10.00, 10.00, 10.00, 10.00, 10.00, 10.00, 0.00, 90.00, 94.50, 90.00
10963,  00026.86,  00082.52,  01014.65, -00001.37,  00001.15,  00001.18, -00020.70, -00039.00,  00061.50,  00021.18, 0, 0, 0, 0, 0, 99.99, 0, stuff, 0.00, 90.00, 94.50, 90.00, 0, 2, 10.00, 10.00, 10.00, 10.00, 10.00, 10.00, 10.00, 10.00, 10.00, 10.00, 0.00, 90.00, 94.50, 90.00
11003,  00017.09,  00076.66,  01005.86, -00001.40,  00001.99, -00000.05, -00020.10, -00039.15,  00061.65,  00021.03, 0, 0, 0, 0, 0, 99.99, 0, stuff, 0.00, 90.90, 94.50, 90.00, 1, 2, 10.00, 10.00, 10.00, 10.00, 10.00, 10.00, 10.00, 10.00, 10.00, 10.00, 0.00, 90.00, 90.00, 90.00
11043,  00016.11,  00075.20,  01002.44,  00000.28, -00000.15, -00003.64, -00019.35, -00037.65,  00061.65,  00021.22, 0, 0, 0, 0, 0, 99.99, 0, stuff, 0.00, 90.00, 93.60, 90.00, 0, 2, 10.00, 10.00, 10.00, 10.00, 10.00, 10.00, 10.00, 10.00, 10.00, 10.00, 0.00, 90.00, 93.60, 90.00
11083,  00028.32,  00080.57,  00998.05,  00003.12, -00002.04,  00000.19, -00020.10, -00038.70,  00061.65,  00021.32, 0, 0, 0, 0, 0, 99.99, 0, stuff, 0.00, 90.00, 94.50, 90.00, 0, 2, 10.00, 10.00, 10.00, 10.00, 10.00, 10.00, 10.00, 10.00, 10.00, 10.00, 0.00, 90.00, 94.50, 90.00
11123,  00018.07,  00079.59,  01011.23,  00001.56,  00000.37,  00000.77, -00020.55, -00038.70,  00060.90,  00021.22, 0, 0, 0, 0, 0, 99.99, 0, stuff, 0.00, 90.00, 94.50, 90.00, 0, 2, 10.00, 10.00, 10.00, 10.00, 10.00, 10.00, 10.00, 10.00, 10.00, 10.00, 0.00, 90.00, 94.50, 90.00
11163,  00014.16,  00090.33,  01026.37, -00000.65,  00000.72, -00002.47, -00020.70, -00038.55,  00061.80,  00021.32, 0, 0, 0, 0, 0, 99.99, 0, stuff, 0.00, 88.20, 94.50, 90.00, 0, 2, 10.00, 10.00, 10.00, 10.00, 10.00, 10.00, 10.00, 10.00, 10.00, 10.00, 0.00, 88.20, 94.50, 90.00
11203,  00032.23,  00089.36,  01012.70, -00000.96,  00001.83,  00000.51, -00021.15, -00037.80,  00061.05,  00021.03, 0, 0, 0, 0, 0, 99.99, 0, stuff, 0.00, 90.00, 94.50, 90.00, 0, 2, 10.00, 10.00, 10.00, 10.00, 10.00, 10.00, 10.00, 10.00, 10.00, 10.00, 0.00, 90.00, 94.50, 90.00
11249,  00013.67,  00067.87,  01020.02,  00001.33,  00003.75, -00001.87, -00020.70, -00038.55,  00063.30,  00021.13, 0, 0, 0, 0, 0, 99.99, 0, stuff, 0.00, 90.00, 94.50, 90.00, 0, 2, 10.00, 10.00, 10.00, 10.00, 10.00, 10.00, 10.00, 10.00, 10.00, 10.00, 0.00, 90.00, 94.50, 90.00
11283,  00019.53,  00082.52,  01018.07,  00000.65,  00001.86, -00000.19, -00021.15, -00038.25,  00062.25,  00021.22, 0, 0, 0, 0, 0, 99.99, 0, stuff, 0.00, 90.00, 93.60, 90.00, 0, 2, 10.00, 10.00, 10.00, 10.00, 10.00, 10.00, 10.00, 10.00, 10.00, 10.00, 0.00, 90.00, 93.60, 90.00
11328,  00013.67,  00080.57,  01018.55, -00000.27,  00001.25, -00002.04, -00021.00, -00039.15,  00062.40,  00021.32, 0, 0, 0, 0, 0, 99.99, 0, stuff, 0.00, 90.00, 94.50, 89.10, 0, 2, 10.00, 10.00, 10.00, 10.00, 10.00, 10.00, 10.00, 10.00, 10.00, 10.00, 0.00, 90.00, 94.50, 89.10
11363,  00016.60,  00081.05,  01018.55,  00000.18,  00002.84,  00001.74, -00021.00, -00038.70,  00062.40,  00021.13, 0, 0, 0, 0, 0, 99.99, 0, stuff, 0.00, 90.00, 94.50, 86.40, 0, 2, 10.00, 10.00, 10.00, 10.00, 10.00, 10.00, 10.00, 10.00, 10.00, 10.00, 0.00, 90.00, 94.50, 86.40
11403,  00020.02,  00095.70,  01008.79, -00001.89, -00000.22, -00001.27, -00020.10, -00037.65,  00062.40,  00021.46, 0, 0, 0, 0, 0, 99.99, 0, stuff, 0.00, 90.90, 94.50, 74.70, 1, 2, 10.00, 10.00, 10.00, 10.00, 10.00, 10.00, 10.00, 10.00, 10.00, 10.00, 0.00, 90.00, 90.00, 90.00
11449,  00025.88,  00065.43,  01037.11,  00003.70,  00003.90,  00001.98, -00021.00, -00038.70,  00061.20,  00021.22, 0, 0, 0, 0, 0, 99.99, 0, stuff, 0.00, 90.90, 94.50, 63.90, 1, 2, 10.00, 10.00, 10.00, 10.00, 10.00, 10.00, 10.00, 10.00, 10.00, 10.00, 0.00, 90.00, 90.00, 90.00
11483,  00025.88,  00075.68,  01039.06, -00000.31,  00002.56, -00000.51, -00021.00, -00037.20,  00062.70,  00021.37, 0, 0, 0, 0, 0, 99.99, 0, stuff, 0.00, 90.00, 94.50, 55.80, 0, 2, 10.00, 10.00, 10.00, 10.00, 10.00, 10.00, 10.00, 10.00, 10.00, 10.00, 0.00, 90.00, 94.50, 55.80
11523,  00022.46,  00086.43,  01013.18,  00000.82,  00004.98,  00001.38, -00019.50, -00039.00,  00061.80,  00021.22, 0, 0, 0, 0, 0, 99.99, 0, stuff, 0.00, 90.00, 94.50, 55.80, 0, 2, 10.00, 10.00, 10.00, 10.00, 10.00, 10.00, 10.00, 10.00, 10.00, 10.00, 0.00, 90.00, 94.50, 55.80
11564,  00020.51,  00091.31,  01005.86, -00001.59,  00001.25,  00001.22, -00019.35, -00037.95,  00062.40,  00021.22, 0, 0, 0, 0, 0, 99.99, 0, stuff, 0.00, 90.00, 94.50, 55.80, 0, 2, 10.00, 10.00, 10.00, 10.00, 10.00, 10.00, 10.00, 10.00, 10.00, 10.00, 0.00, 90.00, 94.50, 55.80
11603,  00015.62,  00076.66,  01005.37, -00001.27,  00002.24,  00002.29, -00021.00, -00038.40,  00061.95,  00021.18, 0, 0, 0, 0, 0, 99.99, 0, stuff, 0.00, 90.00, 94.50, 55.80, 0, 2, 10.00, 10.00, 10.00, 10.00, 10.00, 10.00, 10.00, 10.00, 10.00, 10.00, 0.00, 90.00, 94.50, 55.80
11649,  00025.88,  00067.87,  01015.14, -00002.55,  00000.86,  00002.18, -00021.60, -00039.00,  00061.80,  00021.37, 0, 0, 0, 0, 0, 99.99, 0, stuff, 0.00, 90.00, 94.50, 55.80, 0, 2, 10.00, 10.00, 10.00, 10.00, 10.00, 10.00, 10.00, 10.00, 10.00, 10.00, 0.00, 90.00, 94.50, 55.80
11683,  00013.18,  00080.08,  01017.09, -00002.93,  00000.60,  00000.82, -00020.10, -00038.40,  00061.95,  00021.32, 0, 0, 0, 0, 0, 99.99, 0, stuff, 0.00, 90.00, 94.50, 55.80, 0, 2, 10.00, 10.00, 10.00, 10.00, 10.00, 10.00, 10.00, 10.00, 10.00, 10.00, 0.00, 90.00, 94.50, 55.80
11723,  00023.44,  00076.17,  01019.04,  00000.48,  00002.60,  00001.16, -00020.10, -00038.70,  00062.40,  00021.03, 0, 0, 0, 0, 0, 99.99, 0, stuff, 0.00, 89.10, 93.60, 55.80, 0, 2, 10.00, 10.00, 10.00, 10.00, 10.00, 10.00, 10.00, 10.00, 10.00, 10.00, 0.00, 89.10, 93.60, 55.80
11763,  00019.53,  00096.19,  01005.37, -00000.31, -00002.82, -00000.52, -00019.80, -00038.40,  00062.40,  00021.46, 0, 0, 0, 0, 0, 99.99, 0, stuff, 0.00, 90.00, 94.50, 55.80, 0, 2, 10.00, 10.00, 10.00, 10.00, 10.00, 10.00, 10.00, 10.00, 10.00, 10.00, 0.00, 90.00, 94.50, 55.80
11803,  00015.62,  00087.89,  01019.04, -00001.47,  00000.28,  00001.37, -00020.70, -00039.30,  00061.50,  00021.32, 0, 0, 0, 0, 0, 99.99, 0, stuff, 0.00, 90.00, 94.50, 55.80, 0, 2, 10.00, 10.00, 10.00, 10.00, 10.00, 10.00, 10.00, 10.00, 10.00, 10.00, 0.00, 90.00, 94.50, 55.80
11849,  00010.74,  00074.22,  00999.02,  00000.44,  00000.95,  00003.75, -00018.30, -00040.05,  00061.50,  00021.18, 0, 0, 0, 0, 0, 99.99, 0, stuff, 0.90, 90.00, 94.50, 56.70, 0, 2, 10.00, 10.00, 10.00, 10.00, 10.00, 10.00, 10.00, 10.00, 10.00, 10.00, 0.90, 90.00, 94.50, 56.70
11883,  00019.04,  00084.96,  00999.51, -00000.02,  00004.52,  00001.51, -00019.80, -00038.40,  00061.65,  00021.13, 0, 0, 0, 0, 0, 99.99, 0, stuff, 0.00, 90.00, 93.60, 55.80, 0, 2, 10.00, 10.00, 10.00, 10.00, 10.00, 10.00, 10.00, 10.00, 10.00, 10.00, 0.00, 90.00, 93.60, 55.80
11929,  00014.65,  00076.66,  01006.35,  00000.04,  00002.42,  00000.47, -00022.20, -00038.70,  00061.65,  00021.22, 0, 0, 0, 0, 0, 99.99, 0, stuff, 0.00, 90.00, 94.50, 55.80, 0, 2, 10.00, 10.00, 10.00, 10.00, 10.00, 10.00, 10.00, 10.00, 10.00, 10.00, 0.00, 90.00, 94.50, 55.80
11963,  00030.76,  00077.64,  01011.23,  00000.55,  00001.25,  00002.25, -00021.60, -00039.00,  00062.25,  00021.66, 0, 0, 0, 0, 0, 99.99, 0, stuff, 0.00, 90.00, 94.50, 55.80, 0, 2, 10.00, 10.00, 10.00, 10.00, 10.00, 10.00, 10.00, 10.00, 10.00, 10.00, 0.00, 90.00, 94.50, 55.80
12003,  00014.16,  00080.08,  01014.65,  00001.79,  00003.87, -00000.23, -00019.80, -00038.40,  00063.15,  00021.32, 0, 0, 0, 0, 0, 99.99, 0, stuff, 0.00, 90.00, 94.50, 55.80, 0, 2, 10.00, 10.00, 10.00, 10.00, 10.00, 10.00, 10.00, 10.00, 10.00, 10.00, 0.00, 90.00, 94.50, 55.80
12049,  00007.81,  00084.47,  00999.51,  00000.34,  00000.21, -00000.92, -00020.55, -00037.95,  00062.40,  00021.32, 0, 0, 0, 0, 0, 99.99, 0, stuff, 12.60, 90.00, 94.50, 55.80, 0, 2, 10.00, 10.00, 10.00, 10.00, 10.00, 10.00, 10.00, 10.00, 10.00, 10.00, 12.60, 90.00, 94.50, 55.80
12083,  00018.55,  00072.27,  01017.58, -00000.48, -00000.40,  00001.49, -00019.35, -00038.40,  00061.95,  00021.32, 0, 0, 0, 0, 0, 99.99, 0, stuff, 39.60, 90.00, 94.50, 55.80, 0, 2, 10.00, 10.00, 10.00, 10.00, 10.00, 10.00, 10.00, 10.00, 10.00, 10.00, 39.60, 90.00, 94.50, 55.80
12123,  00026.86,  00086.43,  01018.55, -00000.63,  00002.10,  00003.15, -00021.00, -00039.45,  00061.65,  00021.32, 0, 0, 0, 0, 0, 99.99, 0, stuff, 68.40, 90.00, 94.50, 55.80, 0, 2, 10.00, 10.00, 10.00, 10.00, 10.00, 10.00, 10.00, 10.00, 10.00, 10.00, 68.40, 90.00, 94.50, 55.80
12163,  00024.90,  00089.36,  01012.70, -00001.46,  00001.97, -00000.92, -00021.90, -00039.75,  00061.05,  00021.13, 0, 0, 0, 0, 0, 99.99, 0, stuff, 111.60, 90.00, 94.50, 56.70, 0, 2, 10.00, 10.00, 10.00, 10.00, 10.00, 10.00, 10.00, 10.00, 10.00, 10.00, 111.60, 90.00, 94.50, 56.70
12204,  00012.70,  00076.17,  01015.62,  00000.02,  00001.82, -00000.39, -00020.10, -00037.20,  00062.70,  00021.32, 0, 0, 0, 0, 0, 99.99, 0, stuff, 151.20, 90.00, 94.50, 55.80, 0, 2, 10.00, 10.00, 10.00, 10.00, 10.00, 10.00, 10.00, 10.00, 10.00, 10.00, 151.20, 90.00, 94.50, 55.80
12250,  00027.34,  00088.87,  01004.39, -00000.36,  00000.06, -00003.47, -00019.50, -00038.25,  00061.50,  00021.03, 0, 0, 0, 0, 0, 99.99, 0, stuff, 174.60, 90.00, 94.50, 55.80, 0, 2, 10.00, 10.00, 10.00, 10.00, 10.00, 10.00, 10.00, 10.00, 10.00, 10.00, 174.60, 90.00, 94.50, 55.80
12283,  00013.18,  00075.68,  01004.39,  00000.26,  00000.03, -00002.08, -00021.15, -00039.00,  00061.50,  00021.18, 0, 0, 0, 0, 0, 99.99, 0, stuff, 180.00, 90.00, 94.50, 55.80, 0, 2, 10.00, 10.00, 10.00, 10.00, 10.00, 10.00, 10.00, 10.00, 10.00, 10.00, 180.00, 90.00, 94.50, 55.80
12323,  00021.48,  00080.57,  01013.18, -00001.97,  00000.56,  00000.88, -00019.20, -00038.55,  00063.00,  00021.13, 0, 0, 0, 0, 0, 99.99, 0, stuff, 180.00, 90.00, 94.50, 56.70, 0, 2, 10.00, 10.00, 10.00, 10.00, 10.00, 10.00, 10.00, 10.00, 10.00, 10.00, 180.00, 90.00, 94.50, 56.70
12363,  00018.55,  00078.61,  01010.25, -00000.51,  00001.38,  00002.31, -00021.15, -00037.50,  00063.75,  00021.32, 0, 0, 0, 0, 0, 99.99, 0, stuff, 180.00, 90.00, 93.60, 55.80, 0, 2, 10.00, 10.00, 10.00, 10.00, 10.00, 10.00, 10.00, 10.00, 10.00, 10.00, 180.00, 90.00, 93.60, 55.80
12403,  00013.18,  00086.43,  01022.95,  00000.13,  00001.08, -00001.39, -00020.10, -00039.15,  00061.20,  00021.37, 0, 0, 0, 0, 0, 99.99, 0, stuff, 180.00, 90.00, 94.50, 56.70, 0, 2, 10.00, 10.00, 10.00, 10.00, 10.00, 10.00, 10.00, 10.00, 10.00, 10.00, 180.00, 90.00, 94.50, 56.70
12443,  00012.70,  00074.71,  01012.70,  00000.24,  00003.89,  00002.18, -00020.40, -00037.80,  00062.55,  00021.46, 0, 0, 0, 0, 0, 99.99, 0, stuff, 180.00, 88.20, 92.70, 56.70, 0, 2, 10.00, 10.00, 10.00, 10.00, 10.00, 10.00, 10.00, 10.00, 10.00, 10.00, 180.00, 88.20, 92.70, 56.70
12483,  00022.46,  00090.33,  01004.39, -00001.31,  00002.44, -00001.08, -00019.50, -00038.25,  00062.25,  00021.32, 0, 0, 0, 0, 0, 99.99, 0, stuff, 180.00, 90.00, 94.50, 55.80, 0, 2, 10.00, 10.00, 10.00, 10.00, 10.00, 10.00, 10.00, 10.00, 10.00, 10.00, 180.00, 90.00, 94.50, 55.80
12523,  00020.02,  00081.05,  01014.65, -00001.78,  00003.05,  00001.36, -00019.50, -00038.55,  00061.05,  00021.03, 0, 0, 0, 0, 0, 99.99, 0, stuff, 180.00, 90.00, 94.50, 55.80, 0, 2, 10.00, 10.00, 10.00, 10.00, 10.00, 10.00, 10.00, 10.00, 10.00, 10.00, 180.00, 90.00, 94.50, 55.80
12563,  00024.90,  00083.01,  01023.44,  00001.36,  00001.62,  00003.05, -00020.40, -00039.00,  00061.50,  00021.32, 0, 0, 0, 0, 0, 99.99, 0, stuff, 180.00, 90.00, 94.50, 55.80, 0, 2, 10.00, 10.00, 10.00, 10.00, 10.00, 10.00, 10.00, 10.00, 10.00, 10.00, 180.00, 90.00, 94.50, 55.80
12603,  00026.86,  00072.75,  01004.39,  00000.24,  00003.79, -00001.38, -00021.00, -00038.70,  00061.65,  00021.22, 0, 0, 0, 0, 0, 99.99, 0, stuff, 180.00, 90.00, 94.50, 55.80, 0, 2, 10.00, 10.00, 10.00, 10.00, 10.00, 10.00, 10.00, 10.00, 10.00, 10.00, 180.00, 90.00, 94.50, 55.80
12649,  00029.79,  00080.57,  01014.16,  00000.60,  00000.51,  00001.06, -00021.75, -00039.45,  00061.20,  00020.94, 0, 0, 0, 0, 0, 99.99, 0, stuff, 180.00, 90.00, 94.50, 60.30, 0, 2, 10.00, 10.00, 10.00, 10.00, 10.00, 10.00, 10.00, 10.00, 10.00, 10.00, 180.00, 90.00, 94.50, 60.30
12683,  00008.30,  00077.15,  01011.72, -00000.50,  00000.21,  00002.21, -00020.70, -00037.80,  00062.55,  00021.22, 0, 0, 0, 0, 0, 99.99, 0, stuff, 180.00, 90.00, 94.50, 57.60, 0, 2, 10.00, 10.00, 10.00, 10.00, 10.00, 10.00, 10.00, 10.00, 10.00, 10.00, 180.00, 90.00, 94.50, 57.60
12729,  00024.41,  00068.85,  01032.23,  00000.03,  00001.40, -00000.70, -00021.00, -00037.20,  00062.70,  00021.22, 0, 0, 0, 0, 0, 99.99, 0, stuff, 180.00, 90.00, 94.50, 71.10, 0, 2, 10.00, 10.00, 10.00, 10.00, 10.00, 10.00, 10.00, 10.00, 10.00, 10.00, 180.00, 90.00, 94.50, 71.10
12763,  00047.36,  00071.29,  01043.46, -00002.58,  00004.11,  00001.44, -00021.00, -00037.65,  00061.20,  00021.03, 0, 0, 0, 0, 0, 99.99, 0, stuff, 180.00, 90.00, 94.50, 78.30, 0, 2, 10.00, 10.00, 10.00, 10.00, 10.00, 10.00, 10.00, 10.00, 10.00, 10.00, 180.00, 90.00, 94.50, 78.30
12803,  00029.30,  00081.05,  01031.25,  00001.83,  00004.00,  00003.54, -00019.80, -00037.65,  00062.70,  00021.13, 0, 0, 0, 0, 0, 99.99, 0, stuff, 180.00, 89.10, 93.60, 83.70, 0, 2, 10.00, 10.00, 10.00, 10.00, 10.00, 10.00, 10.00, 10.00, 10.00, 10.00, 180.00, 89.10, 93.60, 83.70
12850,  00018.07,  00083.01,  01023.44,  00000.86, -00000.41, -00000.47, -00020.40, -00038.55,  00062.55,  00021.46, 0, 0, 0, 0, 0, 99.99, 0, stuff, 180.00, 90.00, 94.50, 90.00, 0, 2, 10.00, 10.00, 10.00, 10.00, 10.00, 10.00, 10.00, 10.00, 10.00, 10.00, 180.00, 90.00, 94.50, 90.00
12883,  00019.53,  00089.36,  01014.16, -00000.74,  00001.21, -00003.99, -00018.60, -00039.90,  00061.95,  00021.22, 0, 0, 0, 0, 0, 99.99, 0, stuff, 180.00, 90.00, 94.50, 91.80, 0, 2, 10.00, 10.00, 10.00, 10.00, 10.00, 10.00, 10.00, 10.00, 10.00, 10.00, 180.00, 90.00, 94.50, 91.80
12923,  00021.00,  00078.12,  00997.07, -00001.31,  00003.63,  00002.34, -00019.20, -00037.80,  00063.00,  00021.03, 0, 0, 0, 0, 0, 99.99, 0, stuff, 180.00, 90.00, 94.50, 101.70, 0, 2, 10.00, 10.00, 10.00, 10.00, 10.00, 10.00, 10.00, 10.00, 10.00, 10.00, 180.00, 90.00, 94.50, 101.70
12963,  00014.65,  00078.12,  01004.39, -00002.27, -00001.21, -00000.31, -00021.60, -00038.55,  00061.80,  00021.37, 0, 0, 0, 0, 0, 99.99, 0, stuff, 180.00, 90.00, 94.50, 112.50, 0, 2, 10.00, 10.00, 10.00, 10.00, 10.00, 10.00, 10.00, 10.00, 10.00, 10.00, 180.00, 90.00, 94.50, 112.50
13003,  00023.93,  00079.10,  01019.04, -00000.92,  00003.53,  00004.59, -00019.50, -00039.00,  00062.25,  00020.99, 0, 0, 0, 0, 0, 99.99, 0, stuff, 180.00, 90.00, 94.50, 120.60, 0, 2, 10.00, 10.00, 10.00, 10.00, 10.00, 10.00, 10.00, 10.00, 10.00, 10.00, 180.00, 90.00, 94.50, 120.60
13049,  00013.67,  00090.82,  01011.23,  00000.89,  00002.80, -00000.81, -00021.00, -00037.65,  00061.65,  00021.22, 0, 0, 0, 0, 0, 99.99, 0, stuff, 180.00, 90.00, 94.50, 124.20, 0, 2, 10.00, 10.00, 10.00, 10.00, 10.00, 10.00, 10.00, 10.00, 10.00, 10.00, 180.00, 90.00, 94.50, 124.20
13083,  00010.25,  00082.03,  01009.77,  00002.95,  00001.43,  00000.77, -00020.40, -00038.25,  00061.50,  00021.13, 0, 0, 0, 0, 0, 99.99, 0, stuff, 180.00, 90.00, 94.50, 124.20, 0, 2, 10.00, 10.00, 10.00, 10.00, 10.00, 10.00, 10.00, 10.00, 10.00, 10.00, 180.00, 90.00, 94.50, 124.20
13123, -00000.98,  00092.77,  00994.14,  00001.45, -00000.76, -00002.79, -00020.40, -00037.80,  00061.05,  00021.22, 0, 0, 0, 0, 0, 99.99, 0, stuff, 180.00, 90.00, 94.50, 124.20, 0, 2, 10.00, 10.00, 10.00, 10.00, 10.00, 10.00, 10.00, 10.00, 10.00, 10.00, 180.00, 90.00, 94.50, 124.20
13163,  00021.48,  00093.26,  00991.70, -00001.96, -00000.82, -00000.05, -00020.10, -00037.65,  00061.95,  00021.22, 0, 0, 0, 0, 0, 99.99, 0, stuff, 180.00, 90.00, 94.50, 124.20, 0, 2, 10.00, 10.00, 10.00, 10.00, 10.00, 10.00, 10.00, 10.00, 10.00, 10.00, 180.00, 90.00, 94.50, 124.20
13203,  00018.55,  00081.54,  01011.23,  00000.71,  00002.31, -00000.31, -00020.55, -00037.95,  00062.40,  00021.37, 0, 0, 0, 0, 0, 99.99, 0, stuff, 180.00, 90.00, 94.50, 124.20, 0, 2, 10.00, 10.00, 10.00, 10.00, 10.00, 10.00, 10.00, 10.00, 10.00, 10.00, 180.00, 90.00, 94.50, 124.20
13249,  00022.46,  00081.54,  01020.51, -00000.76,  00001.18,  00000.27, -00020.70, -00037.50,  00062.25,  00021.22, 0, 0, 0, 0, 0, 99.99, 0, stuff, 180.00, 90.00, 94.50, 124.20, 0, 2, 10.00, 10.00, 10.00, 10.00, 10.00, 10.00, 10.00, 10.00, 10.00, 10.00, 180.00, 90.00, 94.50, 124.20
13283,  00014.16,  00080.08,  01021.97, -00002.00,  00001.85, -00000.35, -00021.00, -00039.15,  00062.40,  00021.32, 0, 0, 0, 0, 0, 99.99, 0, stuff, 180.00, 90.00, 94.50, 124.20, 0, 2, 10.00, 10.00, 10.00, 10.00, 10.00, 10.00, 10.00, 10.00, 10.00, 10.00, 180.00, 90.00, 94.50, 124.20
13323,  00028.81,  00074.22,  01042.48, -00000.23,  00001.85,  00001.24, -00019.50, -00037.80,  00062.25,  00021.18, 0, 0, 0, 0, 0, 99.99, 0, stuff, 180.00, 90.00, 93.60, 124.20, 0, 2, 10.00, 10.00, 10.00, 10.00, 10.00, 10.00, 10.00, 10.00, 10.00, 10.00, 180.00, 90.00, 93.60, 124.20
13363,  00022.95,  00071.78,  01019.04,  00001.74,  00001.32,  00001.47, -00020.70, -00039.00,  00063.00,  00021.22, 0, 0, 0, 0, 0, 99.99, 0, stuff, 180.00, 90.90, 94.50, 124.20, 1, 2, 10.00, 10.00, 10.00, 10.00, 10.00, 10.00, 10.00, 10.00, 10.00, 10.00, 0.00, 90.00, 90.00, 90.00
13403,  00024.41,  00065.92,  01005.37,  00002.21,  00000.11,  00002.72, -00019.95, -00039.30,  00062.55,  00021.18, 0, 0, 0, 0, 0, 99.99, 0, stuff, 180.00, 90.00, 94.50, 124.20, 0, 2, 10.00, 10.00, 10.00, 10.00, 10.00, 10.00, 10.00, 10.00, 10.00, 10.00, 180.00, 90.00, 94.50, 124.20
13449,  00017.58,  00080.08,  01004.39, -00000.71,  00003.26,  00001.69, -00019.20, -00037.50,  00061.50,  00021.46, 0, 0, 0, 0, 0, 99.99, 0, stuff, 155.70, 90.00, 94.50, 124.20, 0, 2, 10.00, 10.00, 10.00, 10.00, 10.00, 10.00, 10.00, 10.00, 10.00, 10.00, 155.70, 90.00, 94.50, 124.20
13484,  00014.16,  00081.05,  01010.25, -00000.79, -00000.53, -00000.27, -00022.35, -00038.25,  00061.50,  00021.13, 0, 0, 0, 0, 0, 99.99, 0, stuff, 128.70, 90.00, 94.50, 124.20, 0, 2, 10.00, 10.00, 10.00, 10.00, 10.00, 10.00, 10.00, 10.00, 10.00, 10.00, 128.70, 90.00, 94.50, 124.20
13523,  00028.32,  00079.10,  01011.23,  00000.24,  00002.91,  00001.47, -00019.95, -00039.00,  00061.80,  00020.84, 0, 0, 0, 0, 0, 99.99, 0, stuff, 90.90, 89.10, 94.50, 124.20, 0, 2, 10.00, 10.00, 10.00, 10.00, 10.00, 10.00, 10.00, 10.00, 10.00, 10.00, 90.90, 89.10, 94.50, 124.20
13563,  00016.60,  00073.24,  01017.58,  00000.44,  00002.90,  00001.26, -00020.55, -00039.15,  00062.40,  00021.22, 0, 0, 0, 0, 0, 99.99, 0, stuff, 69.30, 90.00, 93.60, 124.20, 0, 2, 10.00, 10.00, 10.00, 10.00, 10.00, 10.00, 10.00, 10.00, 10.00, 10.00, 69.30, 90.00, 93.60, 124.20
13603,  00024.90,  00078.12,  01018.55, -00001.24,  00000.56,  00000.03, -00020.55, -00037.20,  00060.45,  00021.32, 0, 0, 0, 0, 0, 99.99, 0, stuff, 34.20, 90.00, 94.50, 124.20, 0, 2, 10.00, 10.00, 10.00, 10.00, 10.00, 10.00, 10.00, 10.00, 10.00, 10.00, 34.20, 90.00, 94.50, 124.20
13649,  00022.46,  00090.33,  01011.23, -00000.95,  00001.73,  00000.84, -00020.40, -00039.00,  00062.25,  00021.13, 0, 0, 0, 0, 0, 99.99, 0, stuff, 0.00, 90.00, 94.50, 123.30, 0, 2, 10.00, 10.00, 10.00, 10.00, 10.00, 10.00, 10.00, 10.00, 10.00, 10.00, 0.00, 90.00, 94.50, 123.30
13683,  00009.28,  00067.38,  01009.77, -00001.95,  00000.50, -00001.16, -00020.40, -00038.25,  00061.50,  00020.94, 0, 0, 0, 0, 0, 99.99, 0, stuff, 0.00, 90.00, 94.50, 124.20, 0, 2, 10.00, 10.00, 10.00, 10.00, 10.00, 10.00, 10.00, 10.00, 10.00, 10.00, 0.00, 90.00, 94.50, 124.20
13728,  00019.53,  00082.03,  01018.07, -00000.71, -00000.23, -00000.02, -00020.40, -00039.30,  00061.50,  00021.37, 0, 0, 0, 0, 0, 99.99, 0, stuff, 0.00, 90.00, 94.50, 122.40, 0, 2, 10.00, 10.00, 10.00, 10.00, 10.00, 10.00, 10.00, 10.00, 10.00, 10.00, 0.00, 90.00, 94.50, 122.40
13763,  00017.58,  00067.87,  01018.07,  00000.83,  00003.27,  00001.34, -00020.70, -00038.25,  00060.30,  00021.22, 0, 0, 0, 0, 0, 99.99, 0, stuff, 0.00, 90.00, 94.50, 122.40, 0, 2, 10.00, 10.00, 10.00, 10.00, 10.00, 10.00, 10.00, 10.00, 10.00, 10.00, 0.00, 90.00, 94.50, 122.40
13803,  00015.62,  00089.84,  01001.95,  00000.22,  00003.48,  00000.03, -00019.95, -00037.80,  00062.25,  00021.37, 0, 0, 0, 0, 0, 99.99, 0, stuff, 0.00, 90.00, 94.50, 121.50, 0, 2, 10.00, 10.00, 10.00, 10.00, 10.00, 10.00, 10.00, 10.00, 10.00, 10.00, 0.00, 90.00, 94.50, 121.50
13843,  00007.32,  00083.01,  01004.88, -00001.03, -00001.66, -00001.19, -00020.55, -00037.65,  00061.65,  00021.32, 0, 0, 0, 0, 0, 99.99, 0, stuff, 0.00, 90.00, 94.50, 120.60, 0, 2, 10.00, 10.00, 10.00, 10.00, 10.00, 10.00, 10.00, 10.00, 10.00, 10.00, 0.00, 90.00, 94.50, 120.60
13883,  00026.86,  00078.12,  01028.81, -00000.61,  00002.12,  00001.31, -00021.60, -00038.55,  00061.50,  00021.03, 0, 0, 0, 0, 0, 99.99, 0, stuff, 0.00, 90.00, 94.50, 118.80, 0, 2, 10.00, 10.00, 10.00, 10.00, 10.00, 10.00, 10.00, 10.00, 10.00, 10.00, 0.00, 90.00, 94.50, 118.80
13923,  00014.16,  00077.15,  01014.65, -00000.40,  00002.52,  00003.10, -00019.95, -00039.00,  00062.55,  00021.32, 0, 0, 0, 0, 0, 99.99, 0, stuff, 0.90, 87.30, 91.80, 120.60, 0, 2, 10.00, 10.00, 10.00, 10.00, 10.00, 10.00, 10.00, 10.00, 10.00, 10.00, 0.90, 87.30, 91.80, 120.60
13963,  00013.67,  00088.87,  01011.72,  00001.45,  00002.82,  00001.34, -00019.50, -00038.55,  00062.55,  00021.32, 0, 0, 0, 0, 0, 99.99, 0, stuff, 0.00, 90.00, 94.50, 121.50, 0, 2, 10.00, 10.00, 10.00, 10.00, 10.00, 10.00, 10.00, 10.00, 10.00, 10.00, 0.00, 90.00, 94.50, 121.50
14003,  00022.95,  00070.31,  01024.90, -00000.04, -00000.20,  00000.99, -00021.60, -00037.50,  00061.50,  00021.37, 0, 0, 0, 0, 0, 99.99, 0, stuff, 0.00, 90.00, 94.50, 123.30, 0, 2, 10.00, 10.00, 10.00, 10.00, 10.00, 10.00, 10.00, 10.00, 10.00, 10.00, 0.00, 90.00, 94.50, 123.30
14043,  00014.65,  00082.03,  01005.86,  00000.76,  00002.77,  00001.98, -00021.30, -00037.95,  00063.45,  00021.03, 0, 0, 0, 0, 0, 99.99, 0, stuff, 0.00, 90.00, 94.50, 123.30, 0, 2, 10.00, 10.00, 10.00, 10.00, 10.00, 10.00, 10.00, 10.00, 10.00, 10.00, 0.00, 90.00, 94.50, 123.30
14083,  00017.09,  00091.31,  01003.42, -00002.50,  00000.73, -00002.23, -00020.10, -00039.90,  00061.20,  00021.56, 0, 0, 0, 0, 0, 99.99, 0, stuff, 0.00, 90.00, 94.50, 124.20, 0, 2, 10.00, 10.00, 10.00, 10.00, 10.00, 10.00, 10.00, 10.00, 10.00, 10.00, 0.00, 90.00, 94.50, 124.20
14130,  00025.88,  00078.12,  01010.74,  00000.53,  00004.95,  00000.10, -00019.20, -00037.05,  00061.50,  00021.37, 0, 0, 0, 0, 0, 99.99, 0, stuff, 0.00, 90.00, 94.50, 124.20, 0, 2, 10.00, 10.00, 10.00, 10.00, 10.00, 10.00, 10.00, 10.00, 10.00, 10.00, 0.00, 90.00, 94.50, 124.20
14163,  00021.97,  00073.24,  00997.56, -00000.19,  00003.19, -00000.09, -00020.70, -00038.55,  00062.25,  00021.22, 0, 0, 0, 0, 0, 99.99, 0, stuff, 0.90, 90.00, 93.60, 124.20, 0, 2, 10.00, 10.00, 10.00, 10.00, 10.00, 10.00, 10.00, 10.00, 10.00, 10.00, 0.90, 90.00, 93.60, 124.20
14203,  00013.18,  00079.10,  01008.79, -00000.71,  00000.38, -00000.11, -00018.30, -00038.55,  00061.50,  00021.22, 0, 0, 0, 0, 0, 99.99, 0, stuff, 0.00, 89.10, 94.50, 124.20, 0, 2, 10.00, 10.00, 10.00, 10.00, 10.00, 10.00, 10.00, 10.00, 10.00, 10.00, 0.00, 89.10, 94.50, 124.20
14243,  00020.02,  00082.03,  01016.60,  00000.53,  00003.54, -00000.95, -00021.30, -00037.65,  00061.65,  00021.37, 0, 0, 0, 0, 0, 99.99, 0, stuff, 0.00, 90.90, 94.50, 124.20, 1, 2, 10.00, 10.00, 10.00, 10.00, 10.00, 10.00, 10.00, 10.00, 10.00, 10.00, 0.00, 90.00, 90.00, 90.00
14283,  00029.79,  00083.50,  01018.55, -00000.33,  00002.83, -00000.89, -00019.80, -00038.70,  00061.65,  00020.94, 0, 0, 0, 0, 0, 99.99, 0, stuff, 0.00, 90.00, 94.50, 124.20, 0, 2, 10.00, 10.00, 10.00, 10.00, 10.00, 10.00, 10.00, 10.00, 10.00, 10.00, 0.00, 90.00, 94.50, 124.20
14323,  00019.04,  00070.80,  01018.07,  00000.72,  00001.77, -00000.69, -00020.70, -00038.25,  00063.00,  00021.22, 0, 0, 0, 0, 0, 99.99, 0, stuff, 0.00, 90.00, 94.50, 123.30, 0, 2, 10.00, 10.00, 10.00, 10.00, 10.00, 10.00, 10.00, 10.00, 10.00, 10.00, 0.00, 90.00, 94.50, 123.30
14363,  00016.11,  00082.03,  01007.32, -00000.62,  00001.51, -00001.11, -00019.95, -00038.55,  00062.55,  00021.37, 0, 0, 0, 0, 0, 99.99, 0, stuff, 0.00, 90.00, 93.60, 123.30, 0, 2, 10.00, 10.00, 10.00, 10.00, 10.00, 10.00, 10.00, 10.00, 10.00, 10.00, 0.00, 90.00, 93.60, 123.30
14403,  00022.46,  00083.50,  01021.97, -00000.18,  00002.12, -00003.17, -00021.30, -00038.40,  00061.95,  00021.51, 0, 0, 0, 0, 0, 99.99, 0, stuff, 0.00, 90.00, 94.50, 124.20, 0, 2, 10.00, 10.00, 10.00, 10.00, 10.00, 10.00, 10.00, 10.00, 10.00, 10.00, 0.00, 90.00, 94.50, 124.20
14449,  00019.53,  00087.40,  01007.32,  00001.62,  00002.87, -00000.60, -00018.90, -00038.40,  00061.95,  00021.22, 0, 0, 0, 0, 0, 99.99, 0, stuff, 0.00, 90.00, 93.60, 123.30, 0, 2, 10.00, 10.00, 10.00, 10.00, 10.00, 10.00, 10.00, 10.00, 10.00, 10.00, 0.00, 90.00, 93.60, 123.30
14483,  00001.46,  00083.98,  01017.09,  00001.77,  00004.56, -00001.99, -00020.40, -00039.30,  00061.50,  00021.46, 0, 0, 0, 0, 0, 99.99, 0, stuff, 0.00, 90.00, 93.60, 123.30, 0, 2, 10.00, 10.00, 10.00, 10.00, 10.00, 10.00, 10.00, 10.00, 10.00, 10.00, 0.00, 90.00, 93.60, 123.30
14529,  00021.97,  00073.24,  01007.32, -00001.37,  00000.40,  00000.21, -00019.80, -00037.95,  00061.65,  00021.46, 0, 0, 0, 0, 0, 99.99, 0, stuff, 6.30, 90.00, 94.50, 124.20, 0, 2, 10.00, 10.00, 10.00, 10.00, 10.00, 10.00, 10.00, 10.00, 10.00, 10.00, 6.30, 90.00, 94.50, 124.20
14563,  00008.79,  00074.22,  01018.07, -00000.55,  00002.18,  00000.70, -00020.55, -00038.40,  00062.40,  00021.46, 0, 0, 0, 0, 0, 99.99, 0, stuff, 62.10, 90.00, 94.50, 124.20, 0, 2, 10.00, 10.00, 10.00, 10.00, 10.00, 10.00, 10.00, 10.00, 10.00, 10.00, 62.10, 90.00, 94.50, 124.20
14603,  00006.35,  00068.36,  01011.72, -00000.83,  00001.84,  00002.21, -00019.50, -00037.05,  00061.50,  00021.22, 0, 0, 0, 0, 0, 99.99, 0, stuff, 110.70, 90.00, 94.50, 124.20, 0, 2, 10.00, 10.00, 10.00, 10.00, 10.00, 10.00, 10.00, 10.00, 10.00, 10.00, 110.70, 90.00, 94.50, 124.20
14643,  00013.67,  00079.10,  01003.91,  00001.24,  00002.52, -00002.98, -00021.60, -00038.55,  00063.00,  00021.22, 0, 0, 0, 0, 0, 99.99, 0, stuff, 135.90, 88.20, 94.50, 123.30, 0, 2, 10.00, 10.00, 10.00, 10.00, 10.00, 10.00, 10.00, 10.00, 10.00, 10.00, 135.90, 88.20, 94.50, 123.30
14683,  00023.93,  00079.10,  01003.91, -00000.08,  00001.76,  00003.34, -00019.80, -00037.95,  00062.40,  00021.03, 0, 0, 0, 0, 0, 99.99, 0, stuff, 180.00, 90.90, 95.40, 117.90, 1, 2, 10.00, 10.00, 10.00, 10.00, 10.00, 10.00, 10.00, 10.00, 10.00, 10.00, 0.00, 90.00, 90.00, 90.00
14723,  00016.60,  00075.20,  01027.34,  00000.06,  00001.02,  00001.77, -00020.55, -00037.65,  00061.95,  00021.32, 0, 0, 0, 0, 0, 99.99, 0, stuff, 180.00, 92.70, 97.20, 123.30, 1, 2, 10.00, 10.00, 10.00, 10.00, 10.00, 10.00, 10.00, 10.00, 10.00, 10.00, 0.00, 90.00, 90.00, 90.00
14764,  00019.53,  00073.73,  01008.79,  00001.34,  00002.16, -00000.18, -00021.00, -00038.40,  00062.40,  00021.32, 0, 0, 0, 0, 0, 99.99, 0, stuff, 180.00, 90.00, 94.50, 124.20, 0, 2, 10.00, 10.00, 10.00, 10.00, 10.00, 10.00, 10.00, 10.00, 10.00, 10.00, 180.00, 90.00, 94.50, 124.20
14803,  00019.53,  00079.10,  01006.84, -00002.66,  00000.15,  00001.60, -00021.00, -00037.95,  00060.90,  00021.37, 0, 0, 0, 0, 0, 99.99, 0, stuff, 180.00, 90.00, 94.50, 124.20, 0, 2, 10.00, 10.00, 10.00, 10.00, 10.00, 10.00, 10.00, 10.00, 10.00, 10.00, 180.00, 90.00, 94.50, 124.20
14850,  00028.32,  00074.22,  01013.18, -00002.10,  00004.56,  00000.04, -00019.95, -00039.30,  00062.25,  00021.22, 0, 0, 0, 0, 0, 99.99, 0, stuff, 180.00, 90.00, 94.50, 124.20, 0, 2, 10.00, 10.00, 10.00, 10.00, 10.00, 10.00, 10.00, 10.00, 10.00, 10.00, 180.00, 90.00, 94.50, 124.20
14883,  00022.95,  00078.61,  01011.72,  00002.44,  00004.40, -00000.27, -00020.70, -00037.80,  00062.55,  00021.03, 0, 0, 0, 0, 0, 99.99, 0, stuff, 180.00, 88.20, 93.60, 124.20, 0, 2, 10.00, 10.00, 10.00, 10.00, 10.00, 10.00, 10.00, 10.00, 10.00, 10.00, 180.00, 88.20, 93.60, 124.20
14923,  00018.55,  00084.96,  01015.14,  00002.25,  00000.71,  00000.57, -00021.15, -00039.30,  00062.55,  00021.46, 0, 0, 0, 0, 0, 99.99, 0, stuff, 180.00, 90.00, 94.50, 124.20, 0, 2, 10.00, 10.00, 10.00, 10.00, 10.00, 10.00, 10.00, 10.00, 10.00, 10.00, 180.00, 90.00, 94.50, 124.20
14963,  00023.44,  00072.27,  01015.14,  00001.97,  00001.24, -00000.54, -00020.70, -00039.00,  00063.30,  00021.13, 0, 0, 0, 0, 0, 99.99, 0, stuff, 180.00, 89.10, 94.50, 124.20, 0, 2, 10.00, 10.00, 10.00, 10.00, 10.00, 10.00, 10.00, 10.00, 10.00, 10.00, 180.00, 89.10, 94.50, 124.20
15003,  00017.58,  00077.64,  00998.05,  00001.44,  00002.02, -00001.28, -00020.55, -00038.40,  00061.95,  00021.13, 0, 0, 0, 0, 0, 99.99, 0, stuff, 180.00, 90.00, 94.50, 124.20, 0, 2, 10.00, 10.00, 10.00, 10.00, 10.00, 10.00, 10.00, 10.00, 10.00, 10.00, 180.00, 90.00, 94.50, 124.20
15048,  00007.81,  00077.64,  01024.41, -00001.50, -00000.38,  00002.53, -00021.60, -00037.80,  00062.55,  00021.32, 0, 0, 0, 0, 0, 99.99, 0, stuff, 180.00, 90.00, 93.60, 124.20, 0, 2, 10.00, 10.00, 10.00, 10.00, 10.00, 10.00, 10.00, 10.00, 10.00, 10.00, 180.00, 90.00, 93.60, 124.20
15083,  00015.62,  00084.47,  01011.23, -00000.02,  00001.22,  00000.76, -00019.95, -00039.30,  00062.25,  00021.13, 0, 0, 0, 0, 0, 99.99, 0, stuff, 180.00, 90.00, 93.60, 124.20, 0, 2, 10.00, 10.00, 10.00, 10.00, 10.00, 10.00, 10.00, 10.00, 10.00, 10.00, 180.00, 90.00, 93.60, 124.20
15123,  00028.32,  00089.84,  01014.16, -00002.08,  00003.48, -00001.70, -00020.40, -00039.00,  00061.05,  00021.37, 0, 0, 0, 0, 0, 99.99, 0, stuff, 180.00, 90.00, 94.50, 124.20, 0, 2, 10.00, 10.00, 10.00, 10.00, 10.00, 10.00, 10.00, 10.00, 10.00, 10.00, 180.00, 90.00, 94.50, 124.20
15163,  00017.09,  00082.03,  001000.00,  00000.15,  00000.91,  00000.40, -00021.15, -00038.55,  00061.80,  00021.46, 0, 0, 0, 0, 0, 99.99, 0, stuff, 180.00, 90.00, 94.50, 124.20, 0, 2, 10.00, 10.00, 10.00, 10.00, 10.00, 10.00, 10.00, 10.00, 10.00, 10.00, 180.00, 90.00, 94.50, 124.20
15203,  00034.18,  00083.01,  01035.16, -00002.02,  00000.21, -00002.16, -00019.80, -00036.45,  00061.65,  00021.22, 0, 0, 0, 0, 0, 99.99, 0, stuff, 180.00, 89.10, 89.10, 123.30, 0, 2, 10.00, 10.00, 10.00, 10.00, 10.00, 10.00, 10.00, 10.00, 10.00, 10.00, 180.00, 89.10, 89.10, 123.30
15249,  00013.18,  00079.59,  01011.23,  00001.24,  00001.98, -00000.58, -00020.40, -00039.00,  00061.50,  00021.13, 0, 0, 0, 0, 0, 99.99, 0, stuff, 179.10, 90.00, 94.50, 108.00, 0, 2, 10.00, 10.00, 10.00, 10.00, 10.00, 10.00, 10.00, 10.00, 10.00, 10.00, 179.10, 90.00, 94.50, 108.00
15283,  00025.88,  00086.43,  01002.93,  00001.08,  00001.97,  00003.18, -00019.95, -00037.80,  00061.05,  00021.13, 0, 0, 0, 0, 0, 99.99, 0, stuff, 180.00, 90.00, 93.60, 80.10, 0, 2, 10.00, 10.00, 10.00, 10.00, 10.00, 10.00, 10.00, 10.00, 10.00, 10.00, 180.00, 90.00, 93.60, 80.10
15329,  00013.18,  00086.91,  01013.18, -00000.82,  00000.15,  00000.63, -00021.15, -00039.30,  00062.25,  00021.37, 0, 0, 0, 0, 0, 99.99, 0, stuff, 180.00, 90.00, 94.50, 75.60, 0, 2, 10.00, 10.00, 10.00, 10.00, 10.00, 10.00, 10.00, 10.00, 10.00, 10.00, 180.00, 90.00, 94.50, 75.60
15363,  00034.67,  00083.50,  01012.70,  00002.24,  00001.63,  00001.36, -00021.90, -00038.25,  00062.25,  00021.13, 0, 0, 0, 0, 0, 99.99, 0, stuff, 180.00, 90.00, 94.50, 68.40, 0, 2, 10.00, 10.00, 10.00, 10.00, 10.00, 10.00, 10.00, 10.00, 10.00, 10.00, 180.00, 90.00, 94.50, 68.40
15404,  00017.09,  00086.43,  01014.16,  00000.40,  00003.44,  00001.34, -00021.15, -00039.00,  00063.00,  00021.32, 0, 0, 0, 0, 0, 99.99, 0, stuff, 180.00, 90.00, 94.50, 58.50, 0, 2, 10.00, 10.00, 10.00, 10.00, 10.00, 10.00, 10.00, 10.00, 10.00, 10.00, 180.00, 90.00, 94.50, 58.50
15450,  00014.65,  00091.80,  01004.88, -00000.66,  00000.82,  00002.01, -00021.15, -00037.50,  00062.55,  00021.13, 0, 0, 0, 0, 0, 99.99, 0, stuff, 180.00, 90.00, 93.60, 55.80, 0, 2, 10.00, 10.00, 10.00, 10.00, 10.00, 10.00, 10.00, 10.00, 10.00, 10.00, 180.00, 90.00, 93.60, 55.80
15483,  00019.04,  00084.47,  01009.77, -00000.68,  00002.11, -00001.35, -00020.70, -00037.80,  00061.80,  00021.13, 0, 0, 0, 0, 0, 99.99, 0, stuff, 180.00, 90.90, 94.50, 55.80, 1, 2, 10.00, 10.00, 10.00, 10.00, 10.00, 10.00, 10.00, 10.00, 10.00, 10.00, 0.00, 90.00, 90.00, 90.00
15523,  00012.70,  00093.75,  01013.67, -00002.90,  00000.47, -00001.55, -00021.00, -00040.20,  00061.20,  00021.22, 0, 0, 0, 0, 0, 99.99, 0, stuff, 180.00, 90.00, 94.50, 55.80, 0, 2, 10.00, 10.00, 10.00, 10.00, 10.00, 10.00, 10.00, 10.00, 10.00, 10.00, 180.00, 90.00, 94.50, 55.80
15563,  00027.83,  00083.98,  01018.07, -00003.61, -00000.47,  00004.78, -00021.75, -00039.15,  00060.90,  00021.37, 0, 0, 0, 0, 0, 99.99, 0, stuff, 180.00, 90.00, 94.50, 55.80, 0, 2, 10.00, 10.00, 10.00, 10.00, 10.00, 10.00, 10.00, 10.00, 10.00, 10.00, 180.00, 90.00, 94.50, 55.80
15603,  00036.62,  00072.75,  01035.64,  00001.05,  00000.66, -00000.47, -00020.55, -00039.90,  00061.95,  00021.22, 0, 0, 0, 0, 0, 99.99, 0, stuff, 180.00, 89.10, 94.50, 56.70, 0, 2, 10.00, 10.00, 10.00, 10.00, 10.00, 10.00, 10.00, 10.00, 10.00, 10.00, 180.00, 89.10, 94.50, 56.70
15649,  00016.11,  00085.45,  00998.05,  00000.27,  00004.53,  00000.10, -00019.95, -00037.80,  00062.25,  00021.46, 0, 0, 0, 0, 0, 99.99, 0, stuff, 180.00, 90.00, 93.60, 56.70, 0, 2, 10.00, 10.00, 10.00, 10.00, 10.00, 10.00, 10.00, 10.00, 10.00, 10.00, 180.00, 90.00, 93.60, 56.70
15683,  00020.51,  00074.71,  01014.16,  00001.11,  00004.90, -00002.32, -00021.60, -00037.80,  00062.25,  00021.46, 0, 0, 0, 0, 0, 99.99, 0, stuff, 167.40, 90.00, 93.60, 56.70, 0, 2, 10.00, 10.00, 10.00, 10.00, 10.00, 10.00, 10.00, 10.00, 10.00, 10.00, 167.40, 90.00, 93.60, 56.70
15723,  00026.86,  00082.52,  01019.53, -00000.59,  00001.19, -00001.55, -00019.95, -00036.75,  00061.50,  00021.46, 0, 0, 0, 0, 0, 99.99, 0, stuff, 117.00, 90.00, 94.50, 55.80, 0, 2, 10.00, 10.00, 10.00, 10.00, 10.00, 10.00, 10.00, 10.00, 10.00, 10.00, 117.00, 90.00, 94.50, 55.80
15763,  00021.48,  00073.73,  01017.58,  00000.31,  00002.14, -00000.44, -00019.35, -00039.15,  00061.95,  00021.56, 0, 0, 0, 0, 0, 99.99, 0, stuff, 80.10, 90.90, 94.50, 56.70, 1, 2, 10.00, 10.00, 10.00, 10.00, 10.00, 10.00, 10.00, 10.00, 10.00, 10.00, 0.00, 90.00, 90.00, 90.00
15803,  00014.16,  00084.47,  01007.32,  00001.56,  00001.92,  00001.94, -00019.95, -00038.55,  00062.25,  00021.13, 0, 0, 0, 0, 0, 99.99, 0, stuff, 19.80, 90.00, 94.50, 56.70, 0, 2, 10.00, 10.00, 10.00, 10.00, 10.00, 10.00, 10.00, 10.00, 10.00, 10.00, 19.80, 90.00, 94.50, 56.70
15849,  00020.51,  00068.36,  01018.07, -00000.67,  00000.32, -00001.87, -00021.90, -00039.30,  00061.80,  00021.13, 0, 0, 0, 0, 0, 99.99, 0, stuff, 0.00, 90.00, 94.50, 55.80, 0, 2, 10.00, 10.00, 10.00, 10.00, 10.00, 10.00, 10.00, 10.00, 10.00, 10.00, 0.00, 90.00, 94.50, 55.80
15883,  00037.11,  00077.64,  01019.53, -00003.22,  00001.30,  00000.08, -00021.15, -00039.30,  00062.55,  00021.22, 0, 0, 0, 0, 0, 99.99, 0, stuff, 0.00, 90.00, 93.60, 55.80, 0, 2, 10.00, 10.00, 10.00, 10.00, 10.00, 10.00, 10.00, 10.00, 10.00, 10.00, 0.00, 90.00, 93.60, 55.80
15923,  00006.84,  00092.77,  00992.19,  00001.15,  00000.84,  00000.93, -00021.30, -00038.40,  00061.95,  00021.32, 0, 0, 0, 0, 0, 99.99, 0, stuff, 0.00, 90.00, 94.50, 55.80, 0, 2, 10.00, 10.00, 10.00, 10.00, 10.00, 10.00, 10.00, 10.00, 10.00, 10.00, 0.00, 90.00, 94.50, 55.80
15963,  00013.18,  00096.19,  01009.28, -00001.85,  00000.04,  00000.54, -00020.10, -00037.95,  00060.90,  00021.37, 0, 0, 0, 0, 0, 99.99, 0, stuff, 0.00, 90.00, 94.50, 55.80, 0, 2, 10.00, 10.00, 10.00, 10.00, 10.00, 10.00, 10.00, 10.00, 10.00, 10.00, 0.00, 90.00, 94.50, 55.80
16003,  00019.53,  00087.89,  01021.48, -00000.98,  00001.50, -00001.55, -00020.55, -00039.45,  00062.70,  00021.22, 0, 0, 0, 0, 0, 99.99, 0, stuff, 0.90, 90.00, 94.50, 56.70, 0, 2, 10.00, 10.00, 10.00, 10.00, 10.00, 10.00, 10.00, 10.00, 10.00, 10.00, 0.90, 90.00, 94.50, 56.70
16049,  00014.16,  00079.59,  01019.53, -00000.88, -00000.52, -00000.59, -00020.55, -00037.20,  00061.95,  00021.22, 0, 0, 0, 0, 0, 99.99, 0, stuff, 0.00, 90.00, 94.50, 59.40, 0, 2, 10.00, 10.00, 10.00, 10.00, 10.00, 10.00, 10.00, 10.00, 10.00, 10.00, 0.00, 90.00, 94.50, 59.40
16083,  00021.00,  00077.15,  01012.21, -00001.12,  00002.81, -00001.19, -00019.80, -00037.95,  00061.65,  00021.32, 0, 0, 0, 0, 0, 99.99, 0, stuff, 0.90, 90.90, 95.40, 67.50, 1, 2, 10.00, 10.00, 10.00, 10.00, 10.00, 10.00, 10.00, 10.00, 10.00, 10.00, 0.00, 90.00, 90.00, 90.00
16123,  00028.32,  00092.29,  01014.16, -00001.05,  00002.15, -00000.03, -00020.55, -00037.95,  00061.20,  00021.37, 0, 0, 0, 0, 0, 99.99, 0, stuff, 0.00, 90.00, 94.50, 74.70, 0, 2, 10.00, 10.00, 10.00, 10.00, 10.00, 10.00, 10.00, 10.00, 10.00, 10.00, 0.00, 90.00, 94.50, 74.70
16163,  00014.65,  00075.68,  01006.35, -00001.79,  00002.30,  00000.43, -00019.80, -00037.65,  00062.40,  00021.56, 0, 0, 0, 0, 0, 99.99, 0, stuff, 0.90, 90.00, 94.50, 83.70, 0, 2, 10.00, 10.00, 10.00, 10.00, 10.00, 10.00, 10.00, 10.00, 10.00, 10.00, 0.90, 90.00, 94.50, 83.70
16203,  00028.81,  00098.14,  01007.32,  00000.13, -00000.11,  00001.71, -00019.80, -00038.40,  00063.15,  00021.03, 0, 0, 0, 0, 0, 99.99, 0, stuff, 0.00, 90.00, 94.50, 86.40, 0, 2, 10.00, 10.00, 10.00, 10.00, 10.00, 10.00, 10.00, 10.00, 10.00, 10.00, 0.00, 90.00, 94.50, 86.40
16249,  00025.39,  00078.61,  01016.60,  00000.12,  00001.32,  00001.13, -00020.10, -00037.20,  00061.20,  00021.37, 0, 0, 0, 0, 0, 99.99, 0, stuff, 0.00, 90.00, 94.50, 88.20, 0, 2, 10.00, 10.00, 10.00, 10.00, 10.00, 10.00, 10.00, 10.00, 10.00, 10.00, 0.00, 90.00, 94.50, 88.20
16283,  00010.25,  00076.66,  00992.68,  00003.55,  00002.29, -00001.29, -00020.55, -00038.70,  00062.70,  00021.37, 0, 0, 0, 0, 0, 99.99, 0, stuff, 0.00, 90.00, 94.50, 89.10, 0, 2, 10.00, 10.00, 10.00, 10.00, 10.00, 10.00, 10.00, 10.00, 10.00, 10.00, 0.00, 90.00, 94.50, 89.10
16323,  00016.11,  00082.52,  00981.45, -00002.05,  00001.85,  00002.77, -00021.00, -00038.40,  00062.70,  00021.13, 0, 0, 0, 0, 0, 99.99, 0, stuff, 0.00, 90.00, 94.50, 90.00, 0, 2, 10.00, 10.00, 10.00, 10.00, 10.00, 10.00, 10.00, 10.00, 10.00, 10.00, 0.00, 90.00, 94.50, 90.00
16363,  00007.81,  00079.59,  00995.61, -00001.23, -00000.83, -00002.01, -00020.55, -00037.20,  00060.15,  00021.56, 0, 0, 0, 0, 0, 99.99, 0, stuff, 0.00, 89.10, 92.70, 90.00, 0, 2, 10.00, 10.00, 10.00, 10.00, 10.00, 10.00, 10.00, 10.00, 10.00, 10.00, 0.00, 89.10, 92.70, 90.00
16403,  00023.44,  00088.87,  01008.79, -00001.87, -00000.07,  00001.03, -00020.40, -00039.30,  00062.55,  00021.22, 0, 0, 0, 0, 0, 99.99, 0, stuff, 0.00, 90.00, 94.50, 90.00, 0, 2, 10.00, 10.00, 10.00, 10.00, 10.00, 10.00, 10.00, 10.00, 10.00, 10.00, 0.00, 90.00, 94.50, 90.00
16449,  00021.00,  00082.03,  01013.18, -00001.04,  00001.45,  00000.20, -00020.40, -00038.55,  00061.50,  00021.13, 0, 0, 0, 0, 0, 99.99, 0, stuff, 0.00, 90.00, 94.50, 90.00, 0, 2, 10.00, 10.00, 10.00, 10.00, 10.00, 10.00, 10.00, 10.00, 10.00, 10.00, 0.00, 90.00, 94.50, 90.00
16483,  00026.37,  00082.52,  01023.44,  00001.28,  00001.97, -00000.42, -00021.30, -00038.70,  00061.65,  00021.32, 0, 0, 0, 0, 0, 99.99, 0, stuff, 0.90, 90.00, 94.50, 90.90, 0, 2, 10.00, 10.00, 10.00, 10.00, 10.00, 10.00, 10.00, 10.00, 10.00, 10.00, 0.90, 90.00, 94.50, 90.90
16523,  00005.37,  00072.75,  01001.95,  00002.94,  00003.08, -00002.34, -00020.40, -00036.75,  00062.25,  00021.18, 0, 0, 0, 0, 0, 99.99, 0, stuff, 0.90, 90.90, 94.50, 90.00, 1, 2, 10.00, 10.00, 10.00, 10.00, 10.00, 10.00, 10.00, 10.00, 10.00, 10.00, 0.00, 90.00, 90.00, 90.00
16563,  00015.62,  00078.61,  00999.02, -00000.12,  00000.91, -00000.52, -00018.90, -00037.20,  00062.40,  00021.22, 0, 0, 0, 0, 0, 99.99, 0, stuff, 0.00, 90.00, 94.50, 90.00, 0, 2, 10.00, 10.00, 10.00, 10.00, 10.00, 10.00, 10.00, 10.00, 10.00, 10.00, 0.00, 90.00, 94.50, 90.00
16603,  00017.09,  00081.05,  01013.18,  00000.42,  00000.47, -00001.49, -00020.40, -00039.30,  00061.80,  00021.22, 0, 0, 0, 0, 0, 99.99, 0, stuff, 0.00, 90.00, 94.50, 90.00, 0, 2, 10.00, 10.00, 10.00, 10.00, 10.00, 10.00, 10.00, 10.00, 10.00, 10.00, 0.00, 90.00, 94.50, 90.00
16649,  00026.86,  00073.73,  01004.39, -00000.85,  00002.32,  00001.56, -00021.00, -00038.70,  00062.40,  00021.37, 0, 0, 0, 0, 0, 99.99, 0, stuff, 0.00, 90.00, 93.60, 90.00, 0, 2, 10.00, 10.00, 10.00, 10.00, 10.00, 10.00, 10.00, 10.00, 10.00, 10.00, 0.00, 90.00, 93.60, 90.00
16684,  00021.97,  00079.59,  01014.65,  00001.71, -00000.09,  00001.05, -00021.15, -00039.75,  00062.55,  00021.22, 0, 0, 0, 0, 0, 99.99, 0, stuff, 0.00, 90.00, 94.50, 89.10, 0, 2, 10.00, 10.00, 10.00, 10.00, 10.00, 10.00, 10.00, 10.00, 10.00, 10.00, 0.00, 90.00, 94.50, 89.10
16723,  00022.46,  00077.15,  01013.18,  00000.57,  00001.97,  00000.96, -00020.40, -00039.30,  00060.75,  00021.32, 0, 0, 0, 0, 0, 99.99, 0, stuff, 0.90, 90.00, 94.50, 90.90, 0, 2, 10.00, 10.00, 10.00, 10.00, 10.00, 10.00, 10.00, 10.00, 10.00, 10.00, 0.90, 90.00, 94.50, 90.90
